	sequences per sample	iteration	ERR2233229	ERR2233255	ERR2233253	ERR2233254	ERR2233231	ERR2233239	ERR2233233	ERR2233235	ERR2233236	ERR2233240	ERR2233238	ERR2233271	ERR2233241	ERR2233248	ERR2233243	ERR2233245	ERR2233246	ERR2233249	ERR2233250	ERR2233251	ERR2233259	ERR2233264	ERR2233265	ERR2233268	ERR2233277	ERR2233278	ERR2233287	ERR2233317	ERR2233261	ERR2233270	ERR2233266	ERR2233234	ERR2233247	ERR2233257	ERR2233262	ERR2233269	ERR2233267	ERR2233237	ERR2233256	ERR2233286	ERR2233292	ERR2233310	ERR2233293	ERR2233299	ERR2233301	ERR2233303	ERR2233260	ERR2233244	ERR2233304	ERR2233273	ERR2233276	ERR2233318	ERR2233258	ERR2233312	ERR2233263	ERR2233307	ERR2233272	ERR2233309	ERR2233274	ERR2233275	ERR2233279	ERR2233280	ERR2233281	ERR2233282	ERR2233283	ERR2233284	ERR2233285	ERR2233289	ERR2233297	ERR2233295	ERR2233296	ERR2233313	ERR2233300	ERR2233314	ERR2233305	ERR2233311	ERR2233306	ERR2233308	ERR2233315	ERR2233316	ERR2233319	ERR2233320	ERR2233321	ERR2233230	ERR2233242	ERR2233288	ERR2233290	ERR2233291	ERR2233232	ERR2233252
alpha_rarefaction_10_0.txt	10	0	10.0	10.0	10.0	10.0	10.0	10.0	10.0	10.0	10.0	10.0	10.0	10.0	10.0	10.0	10.0	10.0	10.0	10.0	10.0	10.0	10.0	10.0	10.0	10.0	10.0	10.0	10.0	10.0	10.0	10.0	10.0	10.0	9.0	10.0	10.0	10.0	10.0	10.0	6.0	10.0	10.0	8.0	9.0	7.0	7.0	10.0	10.0	10.0	10.0	9.0	10.0	9.0	10.0	10.0	10.0	10.0	10.0	8.0	10.0	10.0	10.0	8.0	7.0	10.0	8.0	8.0	9.0	7.0	10.0	7.0	10.0	10.0	8.0	10.0	10.0	9.0	10.0	8.0	9.0	10.0	10.0	10.0	10.0	10.0	10.0	10.0	6.0	5.0	10.0	10.0
alpha_rarefaction_10_1.txt	10	1	9.0	10.0	10.0	10.0	10.0	10.0	10.0	10.0	10.0	10.0	10.0	10.0	10.0	10.0	10.0	10.0	10.0	10.0	10.0	10.0	9.0	10.0	10.0	10.0	10.0	10.0	9.0	10.0	10.0	10.0	10.0	10.0	10.0	10.0	9.0	10.0	10.0	10.0	10.0	8.0	10.0	10.0	10.0	10.0	8.0	10.0	10.0	10.0	10.0	9.0	10.0	10.0	10.0	9.0	10.0	10.0	10.0	7.0	10.0	10.0	10.0	9.0	10.0	8.0	9.0	6.0	9.0	7.0	10.0	10.0	10.0	9.0	8.0	9.0	10.0	8.0	10.0	8.0	8.0	10.0	10.0	10.0	10.0	10.0	10.0	7.0	6.0	7.0	9.0	10.0
alpha_rarefaction_10_2.txt	10	2	10.0	10.0	10.0	10.0	10.0	10.0	9.0	10.0	10.0	10.0	10.0	10.0	10.0	9.0	10.0	10.0	10.0	10.0	10.0	10.0	10.0	10.0	10.0	10.0	10.0	10.0	8.0	9.0	10.0	10.0	10.0	8.0	10.0	10.0	10.0	10.0	10.0	10.0	9.0	10.0	10.0	9.0	9.0	7.0	8.0	8.0	10.0	10.0	9.0	10.0	9.0	10.0	10.0	9.0	10.0	10.0	10.0	9.0	9.0	10.0	10.0	10.0	8.0	7.0	7.0	8.0	9.0	8.0	9.0	10.0	8.0	10.0	7.0	10.0	10.0	9.0	10.0	8.0	10.0	10.0	9.0	10.0	9.0	10.0	10.0	7.0	4.0	4.0	10.0	10.0
alpha_rarefaction_10_3.txt	10	3	10.0	10.0	10.0	10.0	10.0	10.0	10.0	10.0	10.0	10.0	10.0	10.0	10.0	10.0	10.0	10.0	10.0	10.0	10.0	10.0	10.0	10.0	10.0	10.0	10.0	9.0	9.0	9.0	10.0	10.0	10.0	9.0	10.0	10.0	9.0	10.0	10.0	10.0	10.0	10.0	10.0	9.0	9.0	7.0	7.0	8.0	10.0	10.0	10.0	10.0	10.0	8.0	8.0	10.0	10.0	8.0	10.0	9.0	10.0	10.0	10.0	8.0	7.0	9.0	9.0	7.0	7.0	8.0	9.0	7.0	10.0	9.0	10.0	10.0	9.0	9.0	10.0	7.0	8.0	10.0	10.0	10.0	10.0	10.0	10.0	8.0	7.0	6.0	10.0	10.0
alpha_rarefaction_10_4.txt	10	4	10.0	10.0	10.0	7.0	10.0	9.0	10.0	9.0	9.0	10.0	10.0	10.0	10.0	10.0	10.0	10.0	10.0	10.0	10.0	10.0	10.0	10.0	10.0	10.0	10.0	10.0	9.0	10.0	10.0	9.0	10.0	7.0	10.0	10.0	10.0	10.0	10.0	10.0	10.0	9.0	10.0	9.0	10.0	7.0	9.0	7.0	10.0	10.0	10.0	10.0	10.0	10.0	10.0	10.0	10.0	10.0	10.0	6.0	10.0	10.0	10.0	10.0	8.0	8.0	8.0	8.0	8.0	7.0	10.0	10.0	10.0	10.0	6.0	10.0	9.0	9.0	9.0	9.0	9.0	10.0	9.0	10.0	8.0	9.0	10.0	7.0	7.0	7.0	10.0	10.0
alpha_rarefaction_10_5.txt	10	5	10.0	9.0	10.0	10.0	10.0	10.0	10.0	10.0	10.0	10.0	10.0	10.0	10.0	10.0	10.0	10.0	10.0	10.0	10.0	10.0	10.0	10.0	10.0	10.0	10.0	10.0	9.0	10.0	10.0	10.0	10.0	9.0	10.0	10.0	10.0	10.0	10.0	9.0	10.0	10.0	10.0	10.0	10.0	10.0	6.0	10.0	10.0	10.0	10.0	10.0	10.0	10.0	9.0	10.0	10.0	8.0	10.0	10.0	10.0	10.0	10.0	8.0	8.0	9.0	9.0	9.0	6.0	8.0	9.0	8.0	10.0	10.0	6.0	10.0	10.0	7.0	10.0	7.0	9.0	10.0	9.0	10.0	8.0	9.0	10.0	7.0	6.0	6.0	10.0	10.0
alpha_rarefaction_10_6.txt	10	6	10.0	10.0	10.0	10.0	10.0	10.0	10.0	9.0	10.0	10.0	10.0	10.0	9.0	10.0	10.0	10.0	10.0	10.0	10.0	10.0	10.0	10.0	10.0	10.0	10.0	10.0	9.0	9.0	10.0	10.0	10.0	10.0	10.0	10.0	10.0	10.0	9.0	10.0	8.0	9.0	10.0	9.0	10.0	9.0	9.0	10.0	10.0	10.0	10.0	10.0	10.0	9.0	8.0	10.0	10.0	10.0	10.0	10.0	10.0	10.0	10.0	10.0	8.0	9.0	8.0	8.0	9.0	6.0	9.0	10.0	8.0	8.0	8.0	9.0	10.0	8.0	10.0	9.0	7.0	9.0	9.0	10.0	9.0	10.0	9.0	10.0	8.0	7.0	10.0	10.0
alpha_rarefaction_10_7.txt	10	7	10.0	10.0	10.0	10.0	10.0	10.0	10.0	10.0	10.0	10.0	10.0	10.0	10.0	10.0	10.0	10.0	10.0	10.0	10.0	10.0	10.0	10.0	10.0	10.0	10.0	9.0	9.0	8.0	10.0	10.0	9.0	10.0	10.0	10.0	10.0	10.0	10.0	10.0	10.0	10.0	10.0	10.0	9.0	8.0	6.0	8.0	9.0	10.0	9.0	10.0	10.0	7.0	9.0	10.0	10.0	9.0	10.0	7.0	10.0	10.0	10.0	8.0	9.0	10.0	6.0	10.0	6.0	7.0	8.0	9.0	10.0	10.0	8.0	10.0	10.0	7.0	10.0	6.0	7.0	10.0	9.0	10.0	10.0	10.0	10.0	9.0	6.0	7.0	10.0	10.0
alpha_rarefaction_10_8.txt	10	8	10.0	10.0	10.0	8.0	10.0	10.0	10.0	10.0	10.0	10.0	10.0	10.0	10.0	10.0	10.0	10.0	10.0	10.0	10.0	10.0	9.0	10.0	10.0	10.0	10.0	10.0	10.0	10.0	10.0	10.0	10.0	10.0	10.0	10.0	10.0	10.0	10.0	10.0	9.0	10.0	10.0	9.0	10.0	8.0	9.0	8.0	10.0	10.0	10.0	10.0	10.0	10.0	10.0	10.0	10.0	9.0	10.0	9.0	10.0	10.0	10.0	8.0	10.0	10.0	7.0	7.0	8.0	7.0	8.0	10.0	10.0	10.0	8.0	10.0	10.0	10.0	10.0	9.0	8.0	10.0	8.0	10.0	10.0	9.0	9.0	9.0	4.0	6.0	10.0	10.0
alpha_rarefaction_10_9.txt	10	9	10.0	10.0	10.0	9.0	10.0	10.0	10.0	10.0	10.0	10.0	10.0	10.0	10.0	10.0	10.0	10.0	10.0	10.0	10.0	10.0	9.0	10.0	10.0	9.0	10.0	10.0	9.0	10.0	10.0	10.0	9.0	10.0	10.0	10.0	10.0	10.0	10.0	9.0	10.0	10.0	8.0	10.0	7.0	10.0	9.0	10.0	10.0	10.0	10.0	10.0	10.0	10.0	10.0	10.0	10.0	10.0	10.0	8.0	10.0	9.0	10.0	8.0	8.0	10.0	8.0	9.0	9.0	5.0	10.0	9.0	8.0	7.0	8.0	10.0	10.0	7.0	10.0	7.0	9.0	9.0	10.0	10.0	10.0	10.0	10.0	8.0	8.0	7.0	10.0	10.0
alpha_rarefaction_2443_0.txt	2443	0	1602.0	1595.0	1609.0	1368.0	1606.0	1575.0	1568.0	1638.0	1606.0	1559.0	1605.0	1472.0	1580.0	1604.0	1611.0	1719.0	1667.0	1574.0	1551.0	1652.0	1531.0	1598.0	1596.0	1439.0	1270.0	1232.0	801.0	719.0	1702.0	1578.0	1594.0	1482.0	1558.0	1705.0	1537.0	1567.0	1601.0	1629.0	1470.0	853.0	1048.0	994.0	1039.0	455.0	352.0	625.0	1659.0	1598.0	1101.0	1156.0	1438.0	1004.0	1414.0	1127.0	1656.0	975.0	1207.0	964.0	1038.0	1287.0	1508.0	739.0	818.0	800.0	785.0	702.0	654.0	360.0	912.0	909.0	829.0	927.0	502.0	1115.0	1166.0	893.0	1189.0	873.0	723.0	538.0	1065.0	1184.0	1184.0	1641.0	1637.0	434.0	414.0	219.0	1456.0	1607.0
alpha_rarefaction_2443_1.txt	2443	1	1593.0	1615.0	1592.0	1427.0	1629.0	1582.0	1563.0	1683.0	1624.0	1600.0	1588.0	1586.0	1576.0	1602.0	1637.0	1670.0	1670.0	1575.0	1587.0	1674.0	1502.0	1616.0	1580.0	1436.0	1243.0	1149.0	851.0	719.0	1667.0	1587.0	1603.0	1512.0	1594.0	1659.0	1509.0	1586.0	1589.0	1686.0	1483.0	855.0	1048.0	979.0	1010.0	407.0	343.0	655.0	1618.0	1615.0	1114.0	1100.0	1441.0	1017.0	1427.0	1165.0	1661.0	972.0	1226.0	957.0	1056.0	1277.0	1488.0	741.0	751.0	818.0	780.0	686.0	659.0	396.0	929.0	929.0	862.0	913.0	499.0	1132.0	1106.0	897.0	1151.0	857.0	732.0	553.0	1049.0	1191.0	1164.0	1600.0	1607.0	448.0	413.0	230.0	1494.0	1655.0
alpha_rarefaction_2443_2.txt	2443	2	1590.0	1634.0	1586.0	1418.0	1615.0	1563.0	1581.0	1676.0	1609.0	1569.0	1630.0	1551.0	1582.0	1550.0	1637.0	1644.0	1675.0	1599.0	1557.0	1642.0	1487.0	1639.0	1583.0	1413.0	1262.0	1183.0	853.0	717.0	1697.0	1571.0	1596.0	1439.0	1562.0	1734.0	1521.0	1568.0	1602.0	1677.0	1470.0	861.0	1037.0	1052.0	983.0	431.0	369.0	629.0	1654.0	1588.0	1107.0	1161.0	1475.0	1013.0	1440.0	1110.0	1642.0	944.0	1225.0	942.0	1052.0	1305.0	1450.0	726.0	785.0	836.0	795.0	698.0	637.0	402.0	905.0	977.0	851.0	951.0	474.0	1112.0	1193.0	893.0	1174.0	814.0	716.0	552.0	1040.0	1170.0	1186.0	1667.0	1655.0	446.0	430.0	228.0	1444.0	1639.0
alpha_rarefaction_2443_3.txt	2443	3	1562.0	1648.0	1588.0	1374.0	1634.0	1535.0	1590.0	1664.0	1674.0	1572.0	1611.0	1539.0	1587.0	1597.0	1633.0	1674.0	1668.0	1586.0	1551.0	1666.0	1519.0	1639.0	1619.0	1407.0	1270.0	1223.0	838.0	708.0	1658.0	1586.0	1623.0	1493.0	1560.0	1696.0	1512.0	1581.0	1609.0	1708.0	1459.0	852.0	953.0	987.0	1002.0	442.0	340.0	599.0	1627.0	1623.0	1146.0	1153.0	1419.0	1009.0	1405.0	1117.0	1664.0	980.0	1215.0	947.0	1058.0	1246.0	1440.0	741.0	833.0	823.0	745.0	707.0	652.0	417.0	892.0	962.0	869.0	948.0	497.0	1136.0	1162.0	888.0	1144.0	809.0	709.0	519.0	1022.0	1164.0	1158.0	1661.0	1604.0	438.0	391.0	222.0	1455.0	1632.0
alpha_rarefaction_2443_4.txt	2443	4	1592.0	1595.0	1621.0	1374.0	1620.0	1641.0	1607.0	1662.0	1637.0	1551.0	1654.0	1526.0	1596.0	1580.0	1589.0	1673.0	1672.0	1597.0	1559.0	1652.0	1520.0	1619.0	1579.0	1395.0	1291.0	1145.0	783.0	745.0	1687.0	1605.0	1628.0	1457.0	1628.0	1704.0	1535.0	1579.0	1658.0	1666.0	1430.0	877.0	966.0	996.0	969.0	437.0	352.0	651.0	1605.0	1611.0	1104.0	1147.0	1406.0	967.0	1390.0	1151.0	1659.0	973.0	1198.0	937.0	1046.0	1264.0	1480.0	753.0	831.0	819.0	742.0	697.0	671.0	417.0	907.0	935.0	874.0	937.0	514.0	1142.0	1207.0	853.0	1128.0	851.0	703.0	538.0	1048.0	1178.0	1156.0	1664.0	1635.0	435.0	419.0	232.0	1427.0	1636.0
alpha_rarefaction_2443_5.txt	2443	5	1661.0	1649.0	1561.0	1373.0	1641.0	1572.0	1550.0	1637.0	1608.0	1592.0	1607.0	1512.0	1574.0	1571.0	1624.0	1709.0	1641.0	1598.0	1586.0	1625.0	1516.0	1593.0	1549.0	1379.0	1266.0	1219.0	849.0	709.0	1601.0	1578.0	1577.0	1504.0	1562.0	1713.0	1503.0	1543.0	1626.0	1714.0	1450.0	874.0	1036.0	967.0	993.0	436.0	340.0	611.0	1634.0	1604.0	1123.0	1096.0	1423.0	995.0	1389.0	1170.0	1684.0	979.0	1228.0	974.0	1086.0	1226.0	1471.0	746.0	807.0	805.0	771.0	693.0	658.0	393.0	907.0	910.0	850.0	936.0	515.0	1093.0	1133.0	868.0	1120.0	827.0	688.0	531.0	1015.0	1182.0	1164.0	1683.0	1672.0	438.0	399.0	218.0	1411.0	1644.0
alpha_rarefaction_2443_6.txt	2443	6	1616.0	1652.0	1613.0	1381.0	1590.0	1571.0	1589.0	1679.0	1657.0	1574.0	1597.0	1491.0	1574.0	1599.0	1631.0	1659.0	1674.0	1566.0	1565.0	1725.0	1478.0	1616.0	1603.0	1446.0	1272.0	1207.0	811.0	721.0	1700.0	1573.0	1573.0	1487.0	1598.0	1696.0	1537.0	1558.0	1613.0	1656.0	1450.0	880.0	1002.0	994.0	1022.0	421.0	371.0	624.0	1608.0	1570.0	1151.0	1086.0	1399.0	981.0	1410.0	1153.0	1647.0	954.0	1214.0	918.0	1088.0	1265.0	1454.0	728.0	804.0	816.0	757.0	732.0	700.0	423.0	932.0	937.0	848.0	949.0	473.0	1093.0	1144.0	861.0	1148.0	862.0	709.0	563.0	1016.0	1180.0	1137.0	1661.0	1615.0	440.0	388.0	232.0	1423.0	1650.0
alpha_rarefaction_2443_7.txt	2443	7	1619.0	1620.0	1585.0	1348.0	1611.0	1567.0	1612.0	1665.0	1634.0	1556.0	1584.0	1511.0	1600.0	1607.0	1619.0	1706.0	1654.0	1577.0	1550.0	1660.0	1454.0	1593.0	1581.0	1418.0	1211.0	1228.0	819.0	747.0	1667.0	1594.0	1579.0	1522.0	1578.0	1689.0	1523.0	1544.0	1597.0	1676.0	1474.0	830.0	997.0	1005.0	1002.0	431.0	365.0	633.0	1631.0	1613.0	1142.0	1074.0	1403.0	987.0	1396.0	1170.0	1676.0	1014.0	1215.0	939.0	1077.0	1250.0	1473.0	758.0	793.0	802.0	755.0	702.0	646.0	393.0	911.0	924.0	862.0	950.0	509.0	1159.0	1174.0	868.0	1158.0	813.0	689.0	556.0	1029.0	1209.0	1180.0	1634.0	1623.0	466.0	409.0	229.0	1453.0	1649.0
alpha_rarefaction_2443_8.txt	2443	8	1556.0	1663.0	1587.0	1404.0	1624.0	1578.0	1614.0	1690.0	1641.0	1576.0	1586.0	1520.0	1637.0	1612.0	1672.0	1685.0	1668.0	1541.0	1531.0	1650.0	1513.0	1583.0	1579.0	1391.0	1291.0	1187.0	853.0	758.0	1694.0	1573.0	1579.0	1434.0	1548.0	1673.0	1536.0	1577.0	1657.0	1662.0	1512.0	849.0	1023.0	966.0	977.0	432.0	362.0	643.0	1606.0	1648.0	1107.0	1113.0	1414.0	1047.0	1428.0	1164.0	1654.0	969.0	1203.0	940.0	1055.0	1254.0	1461.0	748.0	818.0	814.0	771.0	717.0	682.0	389.0	954.0	923.0	857.0	954.0	514.0	1105.0	1149.0	883.0	1184.0	825.0	697.0	517.0	1037.0	1168.0	1173.0	1653.0	1595.0	440.0	361.0	213.0	1457.0	1629.0
alpha_rarefaction_2443_9.txt	2443	9	1654.0	1659.0	1587.0	1381.0	1644.0	1561.0	1580.0	1643.0	1624.0	1569.0	1628.0	1506.0	1566.0	1612.0	1648.0	1664.0	1659.0	1573.0	1547.0	1650.0	1524.0	1579.0	1624.0	1410.0	1292.0	1162.0	851.0	744.0	1658.0	1574.0	1623.0	1469.0	1585.0	1695.0	1501.0	1552.0	1603.0	1704.0	1468.0	858.0	1007.0	1053.0	971.0	437.0	367.0	626.0	1600.0	1613.0	1103.0	1127.0	1391.0	1008.0	1427.0	1146.0	1626.0	933.0	1224.0	935.0	1044.0	1279.0	1451.0	706.0	807.0	838.0	788.0	738.0	641.0	400.0	917.0	914.0	871.0	918.0	502.0	1147.0	1165.0	878.0	1124.0	823.0	708.0	506.0	1072.0	1170.0	1181.0	1644.0	1618.0	433.0	421.0	233.0	1468.0	1611.0
alpha_rarefaction_4876_0.txt	4876	0	2848.0	2868.0	2787.0	2422.0	2866.0	2827.0	2749.0	2896.0	2799.0	2691.0	2817.0	2627.0	2788.0	2734.0	2828.0	2946.0	2932.0	2744.0	2762.0	2938.0	2599.0	2781.0	2789.0	2426.0	2102.0	1901.0	1404.0	1153.0	2905.0	2735.0	2753.0	2617.0	2739.0	2966.0	2630.0	2730.0	2873.0	2956.0	2561.0	1347.0	1717.0	1687.0	1646.0	642.0	529.0	995.0	2794.0	2786.0	1951.0	1795.0	2383.0	1623.0	2460.0	1904.0	2837.0	1563.0	1962.0	1573.0	1650.0	2086.0	2491.0	1193.0	1313.0	1357.0	1275.0	1180.0	1113.0	622.0	1499.0	1518.0	1382.0	1550.0	795.0	1861.0	1947.0	1484.0	1933.0	1406.0	1213.0	723.0	1746.0	2008.0	2039.0	2889.0	2841.0	665.0	624.0	330.0	2497.0	2910.0
alpha_rarefaction_4876_1.txt	4876	1	2846.0	2838.0	2769.0	2399.0	2892.0	2778.0	2804.0	2894.0	2864.0	2673.0	2851.0	2669.0	2770.0	2698.0	2842.0	2947.0	2910.0	2671.0	2726.0	2917.0	2581.0	2724.0	2694.0	2443.0	2053.0	1902.0	1370.0	1126.0	2896.0	2747.0	2786.0	2626.0	2690.0	3006.0	2655.0	2747.0	2871.0	2925.0	2514.0	1390.0	1706.0	1622.0	1649.0	656.0	537.0	999.0	2769.0	2785.0	1912.0	1781.0	2429.0	1677.0	2494.0	1945.0	2866.0	1620.0	1964.0	1616.0	1605.0	2137.0	2520.0	1216.0	1311.0	1380.0	1261.0	1176.0	1110.0	617.0	1477.0	1539.0	1385.0	1537.0	785.0	1854.0	1944.0	1498.0	1938.0	1409.0	1187.0	726.0	1707.0	2022.0	2044.0	2923.0	2927.0	669.0	648.0	345.0	2509.0	2851.0
alpha_rarefaction_4876_2.txt	4876	2	2826.0	2804.0	2825.0	2390.0	2837.0	2735.0	2758.0	2928.0	2836.0	2674.0	2845.0	2679.0	2755.0	2800.0	2783.0	2899.0	2904.0	2796.0	2712.0	2954.0	2586.0	2745.0	2735.0	2475.0	2104.0	1948.0	1429.0	1110.0	2892.0	2775.0	2865.0	2582.0	2712.0	2959.0	2594.0	2802.0	2823.0	2945.0	2529.0	1407.0	1669.0	1700.0	1686.0	652.0	532.0	1052.0	2748.0	2796.0	1896.0	1752.0	2460.0	1621.0	2481.0	1938.0	2873.0	1585.0	2027.0	1571.0	1647.0	2113.0	2488.0	1226.0	1361.0	1275.0	1241.0	1258.0	1121.0	611.0	1507.0	1531.0	1415.0	1525.0	781.0	1863.0	1931.0	1431.0	1951.0	1406.0	1188.0	715.0	1743.0	1991.0	1966.0	2845.0	2846.0	652.0	650.0	327.0	2570.0	2914.0
alpha_rarefaction_4876_3.txt	4876	3	2824.0	2836.0	2769.0	2436.0	2840.0	2800.0	2739.0	2906.0	2854.0	2686.0	2869.0	2659.0	2750.0	2743.0	2807.0	2969.0	2912.0	2748.0	2751.0	2874.0	2588.0	2716.0	2710.0	2434.0	2097.0	1908.0	1339.0	1135.0	2861.0	2674.0	2754.0	2553.0	2770.0	2984.0	2639.0	2735.0	2871.0	2938.0	2460.0	1378.0	1702.0	1650.0	1624.0	636.0	518.0	990.0	2738.0	2787.0	1904.0	1787.0	2358.0	1684.0	2459.0	1950.0	2874.0	1586.0	1942.0	1593.0	1699.0	2102.0	2457.0	1203.0	1326.0	1354.0	1225.0	1218.0	1079.0	624.0	1486.0	1518.0	1377.0	1561.0	739.0	1878.0	1973.0	1405.0	1923.0	1387.0	1160.0	740.0	1726.0	2053.0	2053.0	2951.0	2843.0	681.0	631.0	326.0	2518.0	2886.0
alpha_rarefaction_4876_4.txt	4876	4	2870.0	2867.0	2776.0	2416.0	2826.0	2728.0	2764.0	2924.0	2872.0	2652.0	2808.0	2666.0	2753.0	2757.0	2810.0	2942.0	2901.0	2713.0	2720.0	2925.0	2594.0	2761.0	2670.0	2481.0	2076.0	1933.0	1434.0	1114.0	2862.0	2747.0	2771.0	2597.0	2771.0	2994.0	2639.0	2752.0	2871.0	2904.0	2575.0	1409.0	1729.0	1646.0	1596.0	668.0	518.0	987.0	2799.0	2872.0	1936.0	1748.0	2415.0	1677.0	2483.0	1901.0	2878.0	1606.0	1940.0	1602.0	1657.0	2058.0	2488.0	1209.0	1316.0	1319.0	1277.0	1254.0	1068.0	600.0	1509.0	1552.0	1421.0	1551.0	798.0	1854.0	1964.0	1432.0	1940.0	1383.0	1211.0	700.0	1716.0	2046.0	1988.0	2925.0	2860.0	710.0	672.0	323.0	2483.0	2829.0
alpha_rarefaction_4876_5.txt	4876	5	2812.0	2883.0	2807.0	2410.0	2841.0	2775.0	2837.0	2873.0	2861.0	2721.0	2736.0	2661.0	2780.0	2794.0	2861.0	2910.0	2884.0	2746.0	2713.0	2929.0	2673.0	2783.0	2710.0	2444.0	2113.0	1887.0	1365.0	1135.0	2899.0	2785.0	2821.0	2625.0	2719.0	3022.0	2673.0	2771.0	2867.0	2990.0	2558.0	1396.0	1719.0	1630.0	1592.0	634.0	517.0	991.0	2791.0	2827.0	1867.0	1748.0	2432.0	1697.0	2470.0	1951.0	2860.0	1614.0	1915.0	1540.0	1647.0	2124.0	2548.0	1257.0	1359.0	1348.0	1283.0	1182.0	1132.0	659.0	1467.0	1537.0	1369.0	1548.0	790.0	1870.0	1972.0	1455.0	1957.0	1421.0	1201.0	705.0	1736.0	2043.0	2001.0	2910.0	2863.0	681.0	651.0	344.0	2531.0	2858.0
alpha_rarefaction_4876_6.txt	4876	6	2807.0	2849.0	2785.0	2388.0	2916.0	2737.0	2789.0	2914.0	2812.0	2731.0	2846.0	2664.0	2778.0	2764.0	2880.0	3029.0	2941.0	2657.0	2705.0	2898.0	2576.0	2781.0	2750.0	2411.0	2117.0	1878.0	1377.0	1117.0	2869.0	2822.0	2823.0	2591.0	2723.0	3059.0	2674.0	2718.0	2856.0	2962.0	2531.0	1392.0	1664.0	1662.0	1640.0	673.0	511.0	1013.0	2766.0	2799.0	1927.0	1743.0	2447.0	1691.0	2480.0	1889.0	2921.0	1553.0	1971.0	1619.0	1661.0	2069.0	2501.0	1191.0	1354.0	1361.0	1289.0	1213.0	1131.0	601.0	1498.0	1505.0	1384.0	1532.0	759.0	1907.0	1940.0	1431.0	1925.0	1414.0	1147.0	706.0	1747.0	2015.0	2017.0	2891.0	2875.0	703.0	637.0	338.0	2521.0	2856.0
alpha_rarefaction_4876_7.txt	4876	7	2849.0	2867.0	2771.0	2396.0	2845.0	2729.0	2801.0	2931.0	2797.0	2711.0	2785.0	2663.0	2744.0	2807.0	2843.0	2950.0	2975.0	2738.0	2696.0	2901.0	2583.0	2723.0	2652.0	2439.0	2116.0	1946.0	1380.0	1084.0	2926.0	2790.0	2770.0	2602.0	2780.0	3030.0	2647.0	2738.0	2885.0	2920.0	2565.0	1413.0	1650.0	1681.0	1589.0	673.0	527.0	1020.0	2795.0	2846.0	1926.0	1758.0	2441.0	1684.0	2493.0	1910.0	2875.0	1591.0	1968.0	1566.0	1616.0	2130.0	2518.0	1189.0	1343.0	1319.0	1262.0	1187.0	1082.0	615.0	1486.0	1496.0	1373.0	1547.0	783.0	1868.0	1985.0	1485.0	1947.0	1374.0	1206.0	725.0	1763.0	2012.0	1989.0	2936.0	2842.0	674.0	624.0	324.0	2533.0	2873.0
alpha_rarefaction_4876_8.txt	4876	8	2835.0	2895.0	2796.0	2343.0	2782.0	2793.0	2730.0	2930.0	2865.0	2644.0	2804.0	2633.0	2773.0	2761.0	2817.0	2959.0	2909.0	2753.0	2733.0	2894.0	2634.0	2729.0	2685.0	2429.0	2125.0	1883.0	1399.0	1118.0	2872.0	2768.0	2786.0	2632.0	2740.0	2984.0	2640.0	2729.0	2836.0	2924.0	2509.0	1356.0	1709.0	1660.0	1620.0	667.0	536.0	1047.0	2768.0	2812.0	1893.0	1763.0	2352.0	1656.0	2511.0	1961.0	2888.0	1609.0	1956.0	1608.0	1648.0	2154.0	2489.0	1183.0	1364.0	1339.0	1295.0	1177.0	1056.0	647.0	1514.0	1551.0	1365.0	1559.0	783.0	1871.0	1985.0	1451.0	1954.0	1440.0	1184.0	726.0	1712.0	2017.0	1971.0	2879.0	2878.0	699.0	681.0	331.0	2497.0	2893.0
alpha_rarefaction_4876_9.txt	4876	9	2831.0	2898.0	2779.0	2412.0	2830.0	2772.0	2769.0	2891.0	2874.0	2701.0	2781.0	2701.0	2847.0	2767.0	2809.0	2987.0	2921.0	2739.0	2745.0	2915.0	2561.0	2733.0	2751.0	2379.0	2100.0	1898.0	1386.0	1118.0	2851.0	2752.0	2749.0	2564.0	2685.0	2975.0	2622.0	2750.0	2837.0	2952.0	2578.0	1391.0	1647.0	1690.0	1620.0	647.0	563.0	1017.0	2744.0	2800.0	1919.0	1772.0	2421.0	1683.0	2505.0	1942.0	2847.0	1649.0	2001.0	1579.0	1640.0	2092.0	2501.0	1240.0	1334.0	1347.0	1275.0	1209.0	1107.0	578.0	1487.0	1575.0	1385.0	1555.0	793.0	1888.0	1957.0	1442.0	1971.0	1373.0	1187.0	720.0	1728.0	2004.0	2023.0	2892.0	2815.0	713.0	640.0	331.0	2537.0	2872.0
alpha_rarefaction_7309_0.txt	7309	0	3968.0	3952.0	3795.0	3281.0	3910.0	3873.0	3824.0	4016.0	3875.0	3666.0	3866.0	3663.0	3825.0	3842.0	3881.0	4073.0	4037.0	3764.0	3764.0	4039.0	3474.0	3705.0	3704.0	3341.0	2880.0	2459.0	1811.0	1409.0	3949.0	3836.0	3832.0	3564.0	3763.0	4155.0	3571.0	3767.0	3916.0	4090.0	3500.0	1829.0	2243.0	2212.0	2146.0	869.0	663.0	1281.0	3754.0	3793.0	2576.0	2264.0	3231.0	2228.0	3375.0	2599.0	3880.0	2139.0	2543.0	2095.0	2073.0	2869.0	3345.0	1613.0	1771.0	1766.0	1736.0	1669.0	1437.0	792.0	1995.0	2098.0	1814.0	2056.0	997.0	2509.0	2640.0	1919.0	2639.0	1873.0	1597.0	827.0	2324.0	2763.0	2716.0	3982.0	3920.0	846.0	819.0	409.0	3357.0	3956.0
alpha_rarefaction_7309_1.txt	7309	1	3929.0	3937.0	3786.0	3313.0	3977.0	3810.0	3804.0	3967.0	3887.0	3658.0	3847.0	3662.0	3810.0	3856.0	3904.0	4077.0	4011.0	3761.0	3659.0	4011.0	3493.0	3698.0	3692.0	3324.0	2780.0	2459.0	1810.0	1439.0	3920.0	3858.0	3732.0	3522.0	3774.0	4127.0	3633.0	3813.0	3989.0	4162.0	3475.0	1887.0	2216.0	2196.0	2176.0	852.0	635.0	1315.0	3756.0	3909.0	2508.0	2215.0	3190.0	2220.0	3429.0	2633.0	3895.0	2142.0	2513.0	2111.0	2072.0	2834.0	3348.0	1650.0	1787.0	1780.0	1721.0	1623.0	1442.0	781.0	1967.0	2025.0	1797.0	2077.0	968.0	2513.0	2705.0	1943.0	2612.0	1903.0	1536.0	806.0	2309.0	2742.0	2715.0	3926.0	3913.0	888.0	831.0	411.0	3387.0	3978.0
alpha_rarefaction_7309_2.txt	7309	2	3906.0	3972.0	3779.0	3285.0	3942.0	3853.0	3768.0	4008.0	3831.0	3713.0	3864.0	3642.0	3721.0	3788.0	3940.0	4027.0	4011.0	3716.0	3762.0	4101.0	3503.0	3737.0	3630.0	3278.0	2840.0	2513.0	1846.0	1482.0	3962.0	3780.0	3809.0	3558.0	3753.0	4088.0	3606.0	3726.0	3914.0	4139.0	3487.0	1856.0	2272.0	2199.0	2161.0	817.0	638.0	1316.0	3796.0	3890.0	2581.0	2267.0	3229.0	2252.0	3408.0	2575.0	3818.0	2169.0	2599.0	2085.0	2118.0	2778.0	3338.0	1626.0	1787.0	1801.0	1698.0	1609.0	1490.0	794.0	2004.0	2017.0	1778.0	2027.0	977.0	2512.0	2700.0	1935.0	2617.0	1847.0	1563.0	819.0	2296.0	2721.0	2713.0	3992.0	3945.0	859.0	815.0	393.0	3456.0	3924.0
alpha_rarefaction_7309_3.txt	7309	3	3891.0	3975.0	3698.0	3315.0	3918.0	3864.0	3758.0	4042.0	3855.0	3691.0	3847.0	3672.0	3716.0	3751.0	3938.0	3982.0	3967.0	3728.0	3667.0	4089.0	3441.0	3728.0	3646.0	3332.0	2827.0	2421.0	1848.0	1462.0	3975.0	3743.0	3886.0	3536.0	3758.0	4106.0	3583.0	3748.0	3964.0	4066.0	3537.0	1843.0	2265.0	2248.0	2108.0	861.0	642.0	1326.0	3763.0	3870.0	2575.0	2285.0	3222.0	2261.0	3405.0	2609.0	3872.0	2128.0	2533.0	2135.0	2169.0	2825.0	3315.0	1594.0	1750.0	1724.0	1665.0	1589.0	1485.0	799.0	1994.0	2057.0	1791.0	2114.0	979.0	2513.0	2673.0	1943.0	2611.0	1870.0	1601.0	824.0	2326.0	2732.0	2713.0	3965.0	3920.0	869.0	833.0	419.0	3455.0	3972.0
alpha_rarefaction_7309_4.txt	7309	4	3921.0	3939.0	3844.0	3261.0	3892.0	3795.0	3803.0	4017.0	3966.0	3699.0	3924.0	3646.0	3780.0	3811.0	3895.0	4065.0	4061.0	3723.0	3716.0	4098.0	3439.0	3766.0	3671.0	3286.0	2836.0	2460.0	1869.0	1478.0	3902.0	3806.0	3831.0	3565.0	3782.0	4115.0	3570.0	3750.0	3861.0	4072.0	3477.0	1807.0	2229.0	2251.0	2202.0	862.0	654.0	1297.0	3695.0	3826.0	2589.0	2235.0	3213.0	2283.0	3436.0	2669.0	3932.0	2137.0	2571.0	2129.0	2174.0	2833.0	3369.0	1656.0	1732.0	1786.0	1681.0	1618.0	1495.0	792.0	1946.0	2012.0	1766.0	2070.0	1040.0	2475.0	2662.0	1936.0	2619.0	1891.0	1591.0	837.0	2290.0	2757.0	2701.0	3987.0	3960.0	854.0	819.0	401.0	3442.0	3919.0
alpha_rarefaction_7309_5.txt	7309	5	3989.0	3984.0	3843.0	3280.0	3910.0	3874.0	3846.0	4031.0	3927.0	3720.0	3897.0	3586.0	3818.0	3864.0	3905.0	4047.0	3970.0	3728.0	3684.0	4081.0	3506.0	3719.0	3685.0	3362.0	2834.0	2444.0	1808.0	1439.0	3919.0	3835.0	3841.0	3535.0	3731.0	4077.0	3621.0	3760.0	3891.0	4101.0	3516.0	1803.0	2263.0	2240.0	2194.0	842.0	673.0	1325.0	3715.0	3852.0	2534.0	2237.0	3263.0	2246.0	3378.0	2601.0	3904.0	2127.0	2567.0	2037.0	2108.0	2858.0	3326.0	1583.0	1731.0	1789.0	1714.0	1582.0	1474.0	786.0	1977.0	2043.0	1805.0	2102.0	1007.0	2500.0	2695.0	1867.0	2633.0	1849.0	1578.0	818.0	2342.0	2768.0	2708.0	3921.0	3967.0	855.0	808.0	400.0	3473.0	3937.0
alpha_rarefaction_7309_6.txt	7309	6	3890.0	3938.0	3790.0	3312.0	3891.0	3811.0	3824.0	4102.0	3933.0	3676.0	3882.0	3630.0	3768.0	3766.0	3881.0	4084.0	4008.0	3731.0	3728.0	4056.0	3502.0	3692.0	3741.0	3299.0	2775.0	2461.0	1907.0	1457.0	3953.0	3781.0	3836.0	3593.0	3657.0	4127.0	3568.0	3823.0	3882.0	4091.0	3484.0	1868.0	2237.0	2210.0	2178.0	845.0	652.0	1297.0	3764.0	3772.0	2567.0	2301.0	3207.0	2280.0	3419.0	2595.0	3937.0	2156.0	2530.0	2113.0	2070.0	2807.0	3336.0	1655.0	1738.0	1766.0	1651.0	1577.0	1482.0	778.0	1962.0	2049.0	1816.0	2118.0	1010.0	2456.0	2638.0	1894.0	2642.0	1833.0	1577.0	814.0	2312.0	2743.0	2713.0	3995.0	3965.0	896.0	837.0	413.0	3468.0	3925.0
alpha_rarefaction_7309_7.txt	7309	7	3943.0	3923.0	3793.0	3275.0	3935.0	3846.0	3749.0	4002.0	3908.0	3685.0	3873.0	3671.0	3820.0	3734.0	3918.0	4038.0	4036.0	3758.0	3754.0	4007.0	3549.0	3711.0	3656.0	3364.0	2800.0	2473.0	1841.0	1430.0	3912.0	3750.0	3861.0	3576.0	3770.0	4156.0	3583.0	3779.0	3890.0	4129.0	3490.0	1840.0	2295.0	2217.0	2157.0	823.0	662.0	1304.0	3759.0	3838.0	2589.0	2244.0	3226.0	2200.0	3418.0	2615.0	3844.0	2119.0	2530.0	2118.0	2135.0	2843.0	3283.0	1587.0	1769.0	1758.0	1692.0	1577.0	1483.0	803.0	2019.0	2010.0	1785.0	2006.0	990.0	2494.0	2629.0	1935.0	2603.0	1876.0	1545.0	811.0	2345.0	2688.0	2722.0	4026.0	3950.0	867.0	846.0	395.0	3449.0	3865.0
alpha_rarefaction_7309_8.txt	7309	8	3846.0	3961.0	3750.0	3275.0	3927.0	3872.0	3803.0	3946.0	3935.0	3677.0	3844.0	3595.0	3759.0	3736.0	3836.0	4070.0	4036.0	3684.0	3730.0	3958.0	3517.0	3749.0	3691.0	3269.0	2764.0	2467.0	1832.0	1443.0	3961.0	3864.0	3821.0	3591.0	3796.0	4150.0	3599.0	3783.0	3997.0	4142.0	3481.0	1841.0	2208.0	2197.0	2117.0	846.0	655.0	1322.0	3790.0	3831.0	2546.0	2256.0	3236.0	2301.0	3404.0	2593.0	3925.0	2131.0	2536.0	2110.0	2103.0	2803.0	3349.0	1650.0	1813.0	1757.0	1713.0	1615.0	1440.0	786.0	1976.0	2021.0	1809.0	2102.0	1005.0	2444.0	2652.0	1927.0	2671.0	1819.0	1600.0	826.0	2285.0	2762.0	2752.0	3935.0	3910.0	883.0	831.0	423.0	3407.0	3942.0
alpha_rarefaction_7309_9.txt	7309	9	3938.0	3912.0	3764.0	3341.0	3914.0	3797.0	3762.0	4018.0	3977.0	3734.0	3873.0	3600.0	3844.0	3780.0	3912.0	4079.0	4021.0	3764.0	3742.0	4005.0	3470.0	3720.0	3687.0	3283.0	2779.0	2470.0	1842.0	1461.0	3964.0	3756.0	3837.0	3574.0	3820.0	4167.0	3620.0	3809.0	3936.0	4140.0	3550.0	1793.0	2260.0	2179.0	2110.0	860.0	636.0	1322.0	3757.0	3862.0	2524.0	2261.0	3168.0	2217.0	3375.0	2649.0	3944.0	2164.0	2547.0	2084.0	2138.0	2869.0	3318.0	1565.0	1765.0	1778.0	1679.0	1580.0	1488.0	798.0	1909.0	2059.0	1770.0	2084.0	1001.0	2513.0	2606.0	1873.0	2579.0	1847.0	1562.0	797.0	2330.0	2720.0	2717.0	3936.0	3953.0	916.0	840.0	387.0	3458.0	3921.0
alpha_rarefaction_9742_0.txt	9742	0	4865.0	4809.0	4703.0	4123.0	4901.0	4688.0	4727.0	4974.0	4902.0	4618.0	4804.0	4562.0	4745.0	4723.0	4835.0	4967.0	5020.0	4704.0	4707.0	5086.0	4307.0	4656.0	4600.0	4111.0	3446.0	2938.0	2198.0	1689.0	4874.0	4776.0	4730.0	4455.0	4691.0	5190.0	4442.0	4702.0	4863.0	5127.0	4287.0	2196.0	2753.0	2722.0	2621.0	988.0	730.0	1571.0	4669.0	4772.0	3174.0	2645.0	3951.0	2684.0	4241.0	3161.0	4869.0	2594.0	3011.0	2536.0	2461.0	3459.0	4038.0	2004.0	2158.0	2162.0	2023.0	2029.0	1819.0	927.0	2414.0	2520.0	2171.0	2543.0	1242.0	3103.0	3263.0	2442.0	3210.0	2268.0	1927.0	891.0	2855.0	3375.0	3371.0	4926.0	4872.0	1034.0	1026.0	460.0	4341.0	4891.0
alpha_rarefaction_9742_1.txt	9742	1	4829.0	4852.0	4686.0	4062.0	4857.0	4834.0	4691.0	4998.0	4893.0	4571.0	4864.0	4470.0	4692.0	4745.0	4901.0	5053.0	5029.0	4718.0	4592.0	5001.0	4330.0	4590.0	4508.0	4082.0	3460.0	2928.0	2211.0	1699.0	4869.0	4716.0	4746.0	4438.0	4704.0	5187.0	4527.0	4712.0	4872.0	5113.0	4373.0	2158.0	2750.0	2755.0	2625.0	1007.0	731.0	1603.0	4621.0	4814.0	3169.0	2595.0	3987.0	2760.0	4205.0	3212.0	4821.0	2609.0	3047.0	2645.0	2477.0	3467.0	4059.0	1943.0	2123.0	2180.0	2143.0	2024.0	1824.0	970.0	2391.0	2462.0	2165.0	2486.0	1196.0	3145.0	3252.0	2392.0	3219.0	2381.0	1909.0	880.0	2832.0	3383.0	3379.0	4952.0	4901.0	1080.0	969.0	447.0	4269.0	4909.0
alpha_rarefaction_9742_2.txt	9742	2	4852.0	4937.0	4729.0	4085.0	4874.0	4725.0	4695.0	5102.0	4877.0	4560.0	4794.0	4560.0	4793.0	4648.0	4798.0	5073.0	4959.0	4573.0	4647.0	5023.0	4305.0	4628.0	4564.0	4095.0	3435.0	2963.0	2258.0	1713.0	4903.0	4729.0	4759.0	4467.0	4638.0	5111.0	4479.0	4716.0	4929.0	5106.0	4456.0	2205.0	2737.0	2686.0	2612.0	985.0	751.0	1614.0	4648.0	4732.0	3169.0	2662.0	3947.0	2773.0	4182.0	3260.0	4794.0	2589.0	3123.0	2569.0	2511.0	3412.0	4115.0	1983.0	2154.0	2141.0	2074.0	1967.0	1811.0	918.0	2425.0	2458.0	2139.0	2501.0	1213.0	3069.0	3285.0	2364.0	3217.0	2345.0	1936.0	908.0	2830.0	3368.0	3274.0	4996.0	4876.0	1044.0	1022.0	461.0	4252.0	4918.0
alpha_rarefaction_9742_3.txt	9742	3	4938.0	4876.0	4681.0	4120.0	4891.0	4743.0	4859.0	5031.0	4866.0	4529.0	4851.0	4472.0	4726.0	4770.0	4872.0	4985.0	4964.0	4648.0	4602.0	4999.0	4281.0	4597.0	4507.0	4072.0	3501.0	2975.0	2218.0	1732.0	4815.0	4751.0	4793.0	4417.0	4659.0	5132.0	4455.0	4755.0	4915.0	5206.0	4317.0	2206.0	2715.0	2716.0	2606.0	984.0	733.0	1562.0	4601.0	4746.0	3224.0	2685.0	3965.0	2799.0	4227.0	3215.0	4786.0	2639.0	3061.0	2588.0	2498.0	3480.0	4062.0	1953.0	2127.0	2136.0	2075.0	1953.0	1788.0	923.0	2347.0	2434.0	2114.0	2543.0	1153.0	3127.0	3242.0	2372.0	3214.0	2258.0	2000.0	888.0	2820.0	3401.0	3364.0	4974.0	4850.0	1037.0	987.0	465.0	4263.0	4896.0
alpha_rarefaction_9742_4.txt	9742	4	4907.0	4965.0	4708.0	4123.0	4868.0	4787.0	4735.0	5030.0	4946.0	4565.0	4814.0	4528.0	4798.0	4788.0	4785.0	5039.0	4988.0	4583.0	4626.0	5041.0	4305.0	4619.0	4606.0	4084.0	3417.0	2978.0	2333.0	1709.0	4875.0	4772.0	4759.0	4381.0	4661.0	5198.0	4463.0	4698.0	4851.0	5045.0	4316.0	2246.0	2718.0	2700.0	2595.0	995.0	713.0	1592.0	4612.0	4728.0	3180.0	2679.0	3949.0	2720.0	4186.0	3294.0	4840.0	2584.0	3045.0	2595.0	2503.0	3458.0	4044.0	1956.0	2151.0	2196.0	2055.0	1980.0	1799.0	943.0	2428.0	2469.0	2199.0	2565.0	1226.0	3063.0	3268.0	2332.0	3234.0	2298.0	1892.0	917.0	2802.0	3353.0	3308.0	4910.0	4862.0	1054.0	991.0	466.0	4315.0	4892.0
alpha_rarefaction_9742_5.txt	9742	5	4917.0	4891.0	4710.0	4101.0	4906.0	4742.0	4746.0	5064.0	4847.0	4606.0	4807.0	4535.0	4792.0	4698.0	4857.0	5153.0	5054.0	4588.0	4627.0	4958.0	4322.0	4682.0	4581.0	4100.0	3430.0	2981.0	2283.0	1714.0	4886.0	4763.0	4815.0	4510.0	4616.0	5134.0	4521.0	4698.0	4950.0	5156.0	4313.0	2200.0	2764.0	2726.0	2661.0	996.0	744.0	1576.0	4670.0	4842.0	3213.0	2646.0	3910.0	2708.0	4304.0	3200.0	4893.0	2600.0	3025.0	2532.0	2534.0	3437.0	4093.0	1907.0	2124.0	2171.0	2045.0	1924.0	1849.0	947.0	2362.0	2409.0	2167.0	2549.0	1222.0	3132.0	3266.0	2332.0	3182.0	2314.0	1972.0	910.0	2835.0	3406.0	3344.0	4978.0	4922.0	1050.0	996.0	467.0	4269.0	4861.0
alpha_rarefaction_9742_6.txt	9742	6	4965.0	4892.0	4730.0	4071.0	4891.0	4769.0	4640.0	4998.0	4970.0	4547.0	4823.0	4549.0	4768.0	4714.0	4814.0	5122.0	4927.0	4692.0	4641.0	5003.0	4239.0	4592.0	4513.0	4137.0	3456.0	2935.0	2242.0	1717.0	4858.0	4724.0	4690.0	4412.0	4642.0	5107.0	4390.0	4762.0	4958.0	5156.0	4318.0	2269.0	2735.0	2752.0	2658.0	981.0	753.0	1598.0	4636.0	4881.0	3151.0	2665.0	4024.0	2744.0	4174.0	3118.0	4784.0	2586.0	3038.0	2619.0	2496.0	3432.0	4129.0	1968.0	2175.0	2112.0	2078.0	1935.0	1819.0	898.0	2433.0	2414.0	2125.0	2485.0	1177.0	3146.0	3284.0	2302.0	3160.0	2308.0	1935.0	900.0	2836.0	3304.0	3328.0	4959.0	4931.0	1049.0	1011.0	450.0	4329.0	4913.0
alpha_rarefaction_9742_7.txt	9742	7	4863.0	4944.0	4686.0	4070.0	4878.0	4750.0	4735.0	5017.0	4876.0	4552.0	4821.0	4505.0	4733.0	4714.0	4861.0	5008.0	5088.0	4744.0	4613.0	5016.0	4277.0	4568.0	4574.0	4120.0	3460.0	2950.0	2210.0	1742.0	4830.0	4675.0	4761.0	4417.0	4584.0	5094.0	4523.0	4732.0	4962.0	5142.0	4366.0	2184.0	2759.0	2688.0	2641.0	991.0	722.0	1582.0	4669.0	4755.0	3138.0	2691.0	3932.0	2714.0	4270.0	3206.0	4813.0	2609.0	3034.0	2579.0	2500.0	3466.0	4050.0	2022.0	2142.0	2174.0	2044.0	1954.0	1806.0	918.0	2354.0	2469.0	2201.0	2547.0	1180.0	3089.0	3222.0	2399.0	3193.0	2274.0	1929.0	908.0	2854.0	3362.0	3344.0	4975.0	4896.0	1027.0	985.0	454.0	4274.0	4927.0
alpha_rarefaction_9742_8.txt	9742	8	4850.0	4833.0	4764.0	4065.0	4847.0	4727.0	4792.0	4983.0	4930.0	4499.0	4789.0	4498.0	4806.0	4671.0	4732.0	5047.0	4963.0	4718.0	4642.0	4938.0	4261.0	4564.0	4578.0	4158.0	3381.0	3008.0	2241.0	1734.0	4861.0	4708.0	4726.0	4448.0	4651.0	5201.0	4376.0	4744.0	4923.0	5116.0	4332.0	2214.0	2718.0	2669.0	2570.0	961.0	751.0	1591.0	4621.0	4783.0	3220.0	2652.0	4002.0	2708.0	4153.0	3181.0	4835.0	2633.0	2978.0	2581.0	2511.0	3444.0	4087.0	2015.0	2150.0	2143.0	2106.0	1955.0	1792.0	968.0	2423.0	2452.0	2122.0	2523.0	1210.0	3102.0	3267.0	2352.0	3222.0	2268.0	1964.0	880.0	2769.0	3343.0	3345.0	5052.0	4946.0	1052.0	983.0	469.0	4268.0	4864.0
alpha_rarefaction_9742_9.txt	9742	9	4912.0	4983.0	4767.0	4113.0	4975.0	4754.0	4819.0	4995.0	4891.0	4510.0	4772.0	4469.0	4734.0	4714.0	4753.0	5028.0	5072.0	4546.0	4653.0	5073.0	4301.0	4620.0	4492.0	4150.0	3453.0	2916.0	2245.0	1717.0	4886.0	4747.0	4766.0	4448.0	4680.0	5198.0	4427.0	4717.0	4952.0	5180.0	4397.0	2217.0	2776.0	2735.0	2659.0	963.0	756.0	1627.0	4640.0	4759.0	3179.0	2651.0	3967.0	2718.0	4241.0	3238.0	4850.0	2607.0	3107.0	2631.0	2496.0	3461.0	4148.0	1987.0	2149.0	2153.0	2065.0	1944.0	1844.0	942.0	2383.0	2451.0	2125.0	2517.0	1214.0	3086.0	3247.0	2299.0	3248.0	2352.0	1936.0	893.0	2851.0	3378.0	3409.0	4994.0	4906.0	1025.0	980.0	449.0	4311.0	4909.0
alpha_rarefaction_12175_0.txt	12175	0	5776.0	5813.0	5568.0	4918.0	5784.0	5639.0	5548.0	5960.0	5679.0	5408.0	5688.0	5306.0	5627.0	5488.0	5660.0	5939.0	5918.0	5411.0	5448.0	5927.0	5018.0	5420.0	5345.0	4837.0	4067.0	3324.0	2636.0	1924.0	5675.0	5606.0	5639.0	5228.0	5543.0	6038.0	5300.0	5594.0	5788.0	6010.0	5149.0	2506.0	3225.0	3178.0	3084.0	1141.0	794.0	1824.0	5457.0	5627.0	3687.0	2986.0	4651.0	3170.0	4936.0	3765.0	5713.0	3083.0	3528.0	3042.0	2827.0	4014.0	4863.0	2309.0	2483.0	2499.0	2408.0	2301.0	2102.0	1036.0	2750.0	2868.0	2450.0	2924.0	1337.0	3591.0	3828.0	2766.0	3756.0	2714.0	2282.0	947.0	3254.0	3933.0	3927.0	5887.0	5716.0	1200.0	1113.0	503.0	5113.0	5789.0
alpha_rarefaction_12175_1.txt	12175	1	5869.0	5756.0	5633.0	4894.0	5738.0	5657.0	5589.0	5919.0	5797.0	5346.0	5634.0	5261.0	5580.0	5592.0	5651.0	5924.0	5857.0	5482.0	5444.0	5934.0	5045.0	5494.0	5343.0	4814.0	4058.0	3378.0	2660.0	1944.0	5770.0	5519.0	5673.0	5252.0	5515.0	6070.0	5288.0	5578.0	5931.0	6044.0	5131.0	2546.0	3217.0	3186.0	3057.0	1125.0	801.0	1830.0	5432.0	5669.0	3653.0	3017.0	4675.0	3220.0	4916.0	3813.0	5770.0	3034.0	3496.0	3053.0	2756.0	3973.0	4802.0	2311.0	2550.0	2485.0	2426.0	2257.0	2077.0	1055.0	2773.0	2880.0	2488.0	2974.0	1326.0	3652.0	3881.0	2768.0	3763.0	2743.0	2232.0	948.0	3288.0	3968.0	3925.0	5927.0	5845.0	1205.0	1133.0	499.0	5100.0	5696.0
alpha_rarefaction_12175_2.txt	12175	2	5793.0	5834.0	5548.0	4859.0	5763.0	5579.0	5600.0	5939.0	5788.0	5365.0	5698.0	5356.0	5579.0	5548.0	5690.0	5994.0	5974.0	5447.0	5468.0	5919.0	4989.0	5384.0	5359.0	4901.0	3955.0	3327.0	2698.0	1948.0	5771.0	5590.0	5644.0	5234.0	5572.0	6077.0	5208.0	5634.0	5765.0	6018.0	5196.0	2594.0	3177.0	3186.0	3037.0	1107.0	810.0	1839.0	5486.0	5635.0	3671.0	3026.0	4577.0	3173.0	5028.0	3759.0	5668.0	3054.0	3495.0	3026.0	2832.0	4021.0	4932.0	2273.0	2599.0	2486.0	2423.0	2265.0	2137.0	1078.0	2733.0	2898.0	2452.0	2973.0	1384.0	3643.0	3727.0	2730.0	3720.0	2691.0	2231.0	952.0	3283.0	3928.0	3977.0	5812.0	5822.0	1191.0	1141.0	520.0	5009.0	5713.0
alpha_rarefaction_12175_3.txt	12175	3	5846.0	5766.0	5572.0	4891.0	5831.0	5681.0	5716.0	5930.0	5730.0	5303.0	5720.0	5320.0	5540.0	5520.0	5772.0	5999.0	5889.0	5504.0	5414.0	5954.0	4995.0	5374.0	5312.0	4822.0	4076.0	3348.0	2633.0	1926.0	5796.0	5525.0	5613.0	5209.0	5520.0	6031.0	5195.0	5558.0	5760.0	6083.0	5120.0	2588.0	3204.0	3173.0	3072.0	1165.0	804.0	1860.0	5417.0	5675.0	3775.0	2967.0	4686.0	3160.0	4955.0	3801.0	5718.0	3062.0	3505.0	3015.0	2852.0	4046.0	4783.0	2258.0	2505.0	2493.0	2439.0	2304.0	2123.0	1091.0	2758.0	2877.0	2459.0	2975.0	1306.0	3624.0	3804.0	2693.0	3715.0	2633.0	2250.0	963.0	3276.0	3938.0	3941.0	5925.0	5814.0	1211.0	1153.0	526.0	5064.0	5798.0
alpha_rarefaction_12175_4.txt	12175	4	5725.0	5748.0	5538.0	4836.0	5848.0	5627.0	5562.0	5911.0	5735.0	5346.0	5731.0	5321.0	5672.0	5554.0	5713.0	5996.0	5906.0	5481.0	5433.0	5957.0	5050.0	5313.0	5304.0	4851.0	4000.0	3356.0	2613.0	1921.0	5717.0	5604.0	5540.0	5245.0	5618.0	6063.0	5160.0	5541.0	5811.0	6120.0	5052.0	2565.0	3251.0	3209.0	3177.0	1123.0	819.0	1823.0	5413.0	5643.0	3747.0	3017.0	4650.0	3233.0	4967.0	3778.0	5642.0	3087.0	3497.0	3025.0	2815.0	4033.0	4758.0	2243.0	2485.0	2524.0	2380.0	2264.0	2118.0	1050.0	2753.0	2913.0	2439.0	2983.0	1389.0	3658.0	3815.0	2737.0	3646.0	2738.0	2346.0	952.0	3247.0	3919.0	3944.0	5877.0	5771.0	1165.0	1141.0	496.0	5034.0	5780.0
alpha_rarefaction_12175_5.txt	12175	5	5851.0	5769.0	5535.0	4851.0	5843.0	5634.0	5510.0	5890.0	5770.0	5368.0	5705.0	5298.0	5642.0	5545.0	5736.0	6038.0	5966.0	5493.0	5445.0	5949.0	5040.0	5355.0	5374.0	4888.0	3992.0	3385.0	2586.0	1895.0	5738.0	5590.0	5693.0	5265.0	5534.0	6030.0	5228.0	5619.0	5709.0	6079.0	5143.0	2562.0	3210.0	3163.0	3047.0	1117.0	802.0	1812.0	5413.0	5608.0	3714.0	2974.0	4647.0	3216.0	4980.0	3758.0	5715.0	3008.0	3542.0	3018.0	2813.0	3979.0	4808.0	2270.0	2515.0	2483.0	2437.0	2293.0	2112.0	1046.0	2770.0	2826.0	2471.0	2910.0	1349.0	3609.0	3815.0	2699.0	3768.0	2640.0	2293.0	946.0	3253.0	3931.0	3904.0	5852.0	5737.0	1231.0	1143.0	498.0	4949.0	5786.0
alpha_rarefaction_12175_6.txt	12175	6	5778.0	5796.0	5599.0	4869.0	5790.0	5613.0	5628.0	5939.0	5760.0	5331.0	5660.0	5256.0	5624.0	5419.0	5629.0	5946.0	5871.0	5446.0	5445.0	6032.0	5012.0	5410.0	5368.0	4762.0	4051.0	3379.0	2653.0	1893.0	5791.0	5651.0	5586.0	5242.0	5534.0	6142.0	5228.0	5494.0	5852.0	6029.0	5111.0	2584.0	3238.0	3160.0	3135.0	1139.0	790.0	1818.0	5422.0	5655.0	3710.0	2965.0	4611.0	3159.0	4953.0	3809.0	5711.0	3076.0	3511.0	3045.0	2879.0	4013.0	4845.0	2211.0	2547.0	2518.0	2430.0	2289.0	2104.0	1072.0	2778.0	2824.0	2514.0	2989.0	1324.0	3595.0	3818.0	2699.0	3751.0	2665.0	2279.0	945.0	3266.0	3918.0	3938.0	5894.0	5741.0	1241.0	1128.0	502.0	5156.0	5782.0
alpha_rarefaction_12175_7.txt	12175	7	5809.0	5793.0	5536.0	4902.0	5779.0	5636.0	5683.0	5969.0	5820.0	5382.0	5655.0	5328.0	5634.0	5545.0	5716.0	5886.0	5869.0	5538.0	5441.0	6021.0	4995.0	5318.0	5392.0	4886.0	4023.0	3407.0	2635.0	1896.0	5710.0	5591.0	5648.0	5246.0	5544.0	6182.0	5179.0	5547.0	5825.0	6074.0	5134.0	2530.0	3237.0	3204.0	3024.0	1132.0	808.0	1828.0	5464.0	5592.0	3707.0	2937.0	4676.0	3120.0	4948.0	3762.0	5658.0	3008.0	3507.0	3063.0	2829.0	4037.0	4795.0	2309.0	2469.0	2456.0	2400.0	2216.0	2112.0	1087.0	2771.0	2831.0	2456.0	2960.0	1311.0	3622.0	3819.0	2793.0	3750.0	2643.0	2247.0	975.0	3292.0	3921.0	3909.0	5826.0	5710.0	1237.0	1148.0	502.0	5056.0	5708.0
alpha_rarefaction_12175_8.txt	12175	8	5812.0	5815.0	5575.0	4785.0	5899.0	5609.0	5613.0	5943.0	5751.0	5340.0	5658.0	5249.0	5588.0	5532.0	5741.0	5932.0	5965.0	5497.0	5481.0	5987.0	4988.0	5349.0	5371.0	4791.0	3996.0	3389.0	2597.0	1920.0	5809.0	5660.0	5679.0	5195.0	5555.0	6099.0	5245.0	5584.0	5726.0	6016.0	5134.0	2498.0	3172.0	3122.0	3015.0	1099.0	813.0	1841.0	5402.0	5677.0	3668.0	2941.0	4589.0	3136.0	5008.0	3743.0	5665.0	3045.0	3480.0	3016.0	2873.0	3995.0	4704.0	2272.0	2511.0	2504.0	2395.0	2259.0	2105.0	1038.0	2772.0	2859.0	2486.0	2940.0	1350.0	3658.0	3803.0	2783.0	3711.0	2664.0	2240.0	962.0	3291.0	3973.0	3924.0	5836.0	5815.0	1182.0	1149.0	495.0	5090.0	5804.0
alpha_rarefaction_12175_9.txt	12175	9	5834.0	5768.0	5488.0	4821.0	5856.0	5618.0	5574.0	5905.0	5765.0	5377.0	5731.0	5355.0	5634.0	5580.0	5756.0	5967.0	5928.0	5515.0	5449.0	5908.0	5078.0	5399.0	5227.0	4826.0	3949.0	3372.0	2580.0	1942.0	5725.0	5573.0	5573.0	5246.0	5584.0	6143.0	5247.0	5591.0	5819.0	5998.0	5204.0	2535.0	3253.0	3160.0	3077.0	1090.0	814.0	1819.0	5419.0	5686.0	3685.0	3006.0	4639.0	3166.0	4999.0	3815.0	5729.0	3033.0	3480.0	2988.0	2830.0	4050.0	4799.0	2289.0	2504.0	2457.0	2405.0	2236.0	2117.0	1089.0	2714.0	2913.0	2457.0	2961.0	1367.0	3639.0	3796.0	2757.0	3814.0	2708.0	2243.0	965.0	3327.0	3972.0	3935.0	5954.0	5841.0	1176.0	1142.0	498.0	5038.0	5770.0
alpha_rarefaction_14608_0.txt	14608	0	6684.0	6610.0	6317.0	5593.0	6628.0	6509.0	6407.0	6822.0	6511.0	6068.0	6489.0	6086.0	6456.0	6311.0	6586.0	6870.0	6776.0	6289.0	6267.0	6842.0	5664.0	6147.0	6128.0	5528.0	4571.0	3731.0	2925.0	2122.0	6497.0	6393.0	6483.0	5985.0	6344.0	6957.0	5956.0	6411.0	6656.0	6926.0	5786.0	2831.0	3552.0	3592.0	3414.0	1222.0	895.0	2047.0	6160.0	6390.0	4122.0	3281.0	5269.0	3605.0	5699.0	4311.0	6474.0	3494.0	3921.0	3434.0	3091.0	4484.0	5432.0	2544.0	2827.0	2789.0	2758.0	2580.0	2368.0	1168.0	3130.0	3220.0	2741.0	3365.0	1506.0	4096.0	4330.0	3094.0	4251.0	3048.0	2528.0	989.0	3697.0	4437.0	4440.0	6757.0	6610.0	1307.0	1266.0	558.0	5808.0	6665.0
alpha_rarefaction_14608_1.txt	14608	1	6759.0	6548.0	6349.0	5551.0	6639.0	6506.0	6409.0	6782.0	6598.0	6140.0	6500.0	6026.0	6389.0	6383.0	6506.0	6855.0	6731.0	6246.0	6182.0	6861.0	5680.0	6135.0	6062.0	5454.0	4519.0	3673.0	2954.0	2123.0	6498.0	6461.0	6410.0	6006.0	6268.0	6931.0	6037.0	6359.0	6634.0	6938.0	5858.0	2909.0	3657.0	3626.0	3476.0	1193.0	864.0	2020.0	6191.0	6433.0	4173.0	3319.0	5276.0	3609.0	5702.0	4272.0	6449.0	3400.0	3967.0	3453.0	3096.0	4550.0	5466.0	2654.0	2811.0	2763.0	2760.0	2564.0	2373.0	1195.0	3127.0	3260.0	2739.0	3416.0	1477.0	4105.0	4317.0	3080.0	4209.0	3026.0	2534.0	1020.0	3750.0	4471.0	4390.0	6784.0	6558.0	1320.0	1265.0	539.0	5649.0	6590.0
alpha_rarefaction_14608_2.txt	14608	2	6660.0	6580.0	6373.0	5628.0	6668.0	6446.0	6337.0	6782.0	6586.0	6066.0	6416.0	6040.0	6378.0	6377.0	6413.0	6860.0	6758.0	6246.0	6190.0	6801.0	5679.0	6151.0	6056.0	5573.0	4457.0	3728.0	2943.0	2160.0	6508.0	6406.0	6420.0	6048.0	6311.0	6953.0	5939.0	6436.0	6674.0	6881.0	5874.0	2828.0	3665.0	3514.0	3401.0	1299.0	888.0	2017.0	6153.0	6449.0	4216.0	3304.0	5306.0	3554.0	5669.0	4402.0	6516.0	3494.0	3974.0	3401.0	3154.0	4542.0	5437.0	2618.0	2835.0	2820.0	2711.0	2546.0	2378.0	1181.0	3112.0	3248.0	2758.0	3338.0	1463.0	4121.0	4315.0	3111.0	4293.0	3069.0	2594.0	1000.0	3671.0	4558.0	4402.0	6770.0	6638.0	1315.0	1260.0	551.0	5772.0	6627.0
alpha_rarefaction_14608_3.txt	14608	3	6641.0	6616.0	6306.0	5448.0	6702.0	6481.0	6372.0	6776.0	6569.0	6046.0	6450.0	6059.0	6410.0	6361.0	6463.0	6876.0	6667.0	6213.0	6218.0	6838.0	5687.0	6163.0	6105.0	5461.0	4563.0	3750.0	3024.0	2141.0	6480.0	6421.0	6473.0	6009.0	6343.0	7016.0	5943.0	6366.0	6636.0	6901.0	5960.0	2852.0	3604.0	3567.0	3446.0	1227.0	871.0	1993.0	6191.0	6439.0	4180.0	3339.0	5243.0	3575.0	5665.0	4240.0	6517.0	3454.0	3960.0	3500.0	3134.0	4612.0	5411.0	2543.0	2803.0	2800.0	2746.0	2584.0	2421.0	1176.0	3163.0	3168.0	2761.0	3379.0	1438.0	4084.0	4363.0	3081.0	4201.0	3069.0	2536.0	983.0	3758.0	4446.0	4425.0	6824.0	6659.0	1355.0	1254.0	545.0	5802.0	6572.0
alpha_rarefaction_14608_4.txt	14608	4	6621.0	6528.0	6248.0	5473.0	6614.0	6468.0	6352.0	6800.0	6502.0	6030.0	6413.0	6104.0	6429.0	6349.0	6517.0	6772.0	6720.0	6349.0	6213.0	6844.0	5656.0	6143.0	6070.0	5516.0	4442.0	3833.0	2973.0	2105.0	6505.0	6340.0	6485.0	5930.0	6336.0	6949.0	5969.0	6368.0	6545.0	6938.0	5902.0	2884.0	3637.0	3542.0	3438.0	1216.0	877.0	2059.0	6174.0	6430.0	4241.0	3329.0	5293.0	3554.0	5754.0	4310.0	6478.0	3464.0	3915.0	3434.0	3122.0	4501.0	5306.0	2579.0	2878.0	2743.0	2751.0	2553.0	2365.0	1200.0	3070.0	3296.0	2828.0	3303.0	1507.0	4069.0	4275.0	3062.0	4329.0	3022.0	2532.0	995.0	3734.0	4483.0	4474.0	6758.0	6703.0	1353.0	1259.0	534.0	5768.0	6593.0
alpha_rarefaction_14608_5.txt	14608	5	6617.0	6562.0	6364.0	5527.0	6692.0	6453.0	6323.0	6745.0	6588.0	6212.0	6448.0	6076.0	6395.0	6421.0	6569.0	6811.0	6731.0	6241.0	6223.0	6802.0	5666.0	6216.0	6046.0	5499.0	4493.0	3741.0	2979.0	2122.0	6495.0	6415.0	6382.0	6028.0	6376.0	6907.0	5861.0	6458.0	6688.0	6875.0	5863.0	2871.0	3586.0	3578.0	3396.0	1244.0	857.0	2046.0	6190.0	6439.0	4209.0	3338.0	5272.0	3541.0	5682.0	4304.0	6516.0	3436.0	3912.0	3353.0	3105.0	4516.0	5357.0	2586.0	2821.0	2768.0	2747.0	2517.0	2386.0	1200.0	3126.0	3236.0	2737.0	3370.0	1469.0	4100.0	4320.0	3138.0	4196.0	3043.0	2545.0	997.0	3683.0	4478.0	4394.0	6699.0	6609.0	1347.0	1294.0	541.0	5761.0	6596.0
alpha_rarefaction_14608_6.txt	14608	6	6602.0	6621.0	6367.0	5565.0	6725.0	6505.0	6353.0	6836.0	6577.0	6101.0	6432.0	6096.0	6428.0	6329.0	6499.0	6851.0	6685.0	6223.0	6213.0	6923.0	5652.0	6176.0	6032.0	5505.0	4587.0	3768.0	2897.0	2132.0	6518.0	6448.0	6384.0	6008.0	6303.0	6970.0	5948.0	6294.0	6644.0	6901.0	5862.0	2886.0	3590.0	3585.0	3443.0	1252.0	864.0	2057.0	6163.0	6421.0	4159.0	3263.0	5323.0	3564.0	5717.0	4344.0	6448.0	3472.0	3887.0	3401.0	3145.0	4509.0	5434.0	2574.0	2800.0	2827.0	2761.0	2570.0	2365.0	1176.0	3095.0	3191.0	2728.0	3326.0	1485.0	4142.0	4330.0	3094.0	4243.0	2998.0	2593.0	974.0	3684.0	4521.0	4406.0	6707.0	6733.0	1308.0	1248.0	558.0	5837.0	6621.0
alpha_rarefaction_14608_7.txt	14608	7	6655.0	6610.0	6363.0	5559.0	6651.0	6503.0	6434.0	6716.0	6624.0	6086.0	6485.0	6026.0	6453.0	6352.0	6527.0	6824.0	6751.0	6263.0	6230.0	6891.0	5667.0	6113.0	6132.0	5551.0	4523.0	3799.0	2969.0	2145.0	6555.0	6324.0	6391.0	5974.0	6259.0	6935.0	5900.0	6391.0	6712.0	6892.0	5886.0	2901.0	3635.0	3588.0	3469.0	1215.0	872.0	2049.0	6150.0	6428.0	4204.0	3322.0	5197.0	3604.0	5724.0	4279.0	6445.0	3475.0	3868.0	3449.0	3150.0	4551.0	5419.0	2601.0	2772.0	2857.0	2690.0	2533.0	2394.0	1142.0	3093.0	3232.0	2728.0	3345.0	1496.0	4187.0	4283.0	3130.0	4237.0	3037.0	2586.0	988.0	3714.0	4479.0	4428.0	6685.0	6680.0	1326.0	1256.0	536.0	5771.0	6566.0
alpha_rarefaction_14608_8.txt	14608	8	6610.0	6608.0	6343.0	5588.0	6713.0	6428.0	6460.0	6760.0	6650.0	6133.0	6445.0	6073.0	6379.0	6424.0	6515.0	6772.0	6750.0	6326.0	6272.0	6835.0	5635.0	6150.0	6063.0	5528.0	4559.0	3789.0	2919.0	2154.0	6549.0	6434.0	6489.0	6022.0	6293.0	6951.0	5978.0	6312.0	6609.0	6916.0	5856.0	2871.0	3604.0	3633.0	3466.0	1212.0	840.0	2007.0	6265.0	6445.0	4192.0	3309.0	5187.0	3602.0	5636.0	4321.0	6422.0	3448.0	3879.0	3452.0	3118.0	4540.0	5436.0	2543.0	2828.0	2862.0	2763.0	2593.0	2400.0	1197.0	3113.0	3189.0	2776.0	3365.0	1510.0	4146.0	4396.0	3137.0	4251.0	3139.0	2494.0	1008.0	3727.0	4456.0	4417.0	6723.0	6712.0	1319.0	1286.0	540.0	5712.0	6614.0
alpha_rarefaction_14608_9.txt	14608	9	6609.0	6641.0	6376.0	5524.0	6615.0	6497.0	6443.0	6818.0	6558.0	6102.0	6487.0	6058.0	6435.0	6419.0	6507.0	6805.0	6708.0	6244.0	6247.0	6766.0	5684.0	6086.0	6024.0	5604.0	4578.0	3788.0	2900.0	2156.0	6555.0	6423.0	6345.0	6065.0	6353.0	6958.0	5979.0	6369.0	6526.0	6880.0	5922.0	2889.0	3625.0	3557.0	3411.0	1237.0	874.0	2074.0	6200.0	6416.0	4214.0	3282.0	5392.0	3517.0	5618.0	4366.0	6514.0	3379.0	3903.0	3349.0	3093.0	4512.0	5354.0	2633.0	2876.0	2798.0	2711.0	2580.0	2367.0	1193.0	3088.0	3255.0	2746.0	3371.0	1465.0	4044.0	4342.0	3126.0	4239.0	3053.0	2511.0	973.0	3684.0	4530.0	4505.0	6812.0	6651.0	1324.0	1310.0	529.0	5779.0	6521.0
alpha_rarefaction_17041_0.txt	17041	0	7353.0	7395.0	7113.0	6221.0	7464.0	7170.0	7209.0	7583.0	7422.0	6774.0	7192.0	6724.0	7159.0	7092.0	7308.0	7619.0	7562.0	6878.0	7005.0	7646.0	6282.0	6803.0	6791.0	6081.0	5057.0	4091.0	3255.0	2315.0	7234.0	7143.0	7223.0	6726.0	6994.0	7757.0	6600.0	7136.0	7469.0	7764.0	6557.0	3139.0	3925.0	3872.0	3726.0	1277.0	947.0	2226.0	6863.0	7122.0	4609.0	3562.0	5790.0	3967.0	6354.0	4808.0	7266.0	3836.0	4273.0	3802.0	3377.0	4960.0	6037.0	2828.0	3177.0	3058.0	3035.0	2810.0	2610.0	1310.0	3451.0	3532.0	2970.0	3726.0	1582.0	4599.0	4860.0	3416.0	4723.0	3356.0	2875.0	1044.0	4078.0	4952.0	4969.0	7479.0	7437.0	1485.0	1365.0	574.0	6531.0	7366.0
alpha_rarefaction_17041_1.txt	17041	1	7407.0	7413.0	7040.0	6196.0	7440.0	7237.0	7199.0	7548.0	7291.0	6786.0	7219.0	6730.0	7134.0	7092.0	7273.0	7634.0	7468.0	6968.0	6981.0	7670.0	6179.0	6877.0	6751.0	6205.0	4959.0	4083.0	3245.0	2311.0	7339.0	7099.0	7200.0	6580.0	7060.0	7780.0	6577.0	7092.0	7452.0	7679.0	6561.0	3209.0	4068.0	3988.0	3748.0	1348.0	904.0	2221.0	6804.0	7181.0	4659.0	3613.0	5931.0	3921.0	6354.0	4820.0	7206.0	3823.0	4295.0	3780.0	3362.0	5114.0	6023.0	2823.0	3131.0	3123.0	2995.0	2846.0	2665.0	1287.0	3460.0	3600.0	3037.0	3665.0	1609.0	4526.0	4812.0	3461.0	4691.0	3409.0	2831.0	1028.0	4109.0	4979.0	4935.0	7582.0	7401.0	1459.0	1353.0	585.0	6441.0	7382.0
alpha_rarefaction_17041_2.txt	17041	2	7392.0	7436.0	7001.0	6130.0	7406.0	7194.0	7211.0	7610.0	7337.0	6870.0	7210.0	6727.0	7306.0	7058.0	7313.0	7601.0	7525.0	7039.0	6987.0	7661.0	6287.0	6867.0	6781.0	6154.0	5010.0	4179.0	3320.0	2339.0	7284.0	7033.0	7134.0	6618.0	7035.0	7795.0	6625.0	7156.0	7479.0	7765.0	6583.0	3149.0	4088.0	3961.0	3737.0	1332.0	935.0	2237.0	6837.0	7192.0	4654.0	3558.0	5817.0	3907.0	6362.0	4768.0	7227.0	3809.0	4239.0	3801.0	3347.0	4959.0	6038.0	2838.0	3090.0	3111.0	3010.0	2859.0	2661.0	1298.0	3484.0	3553.0	2969.0	3684.0	1620.0	4527.0	4822.0	3422.0	4677.0	3364.0	2843.0	1035.0	4070.0	4962.0	4893.0	7535.0	7376.0	1466.0	1375.0	574.0	6474.0	7365.0
alpha_rarefaction_17041_3.txt	17041	3	7479.0	7296.0	7101.0	6206.0	7435.0	7262.0	7083.0	7559.0	7309.0	6776.0	7306.0	6812.0	7144.0	7053.0	7314.0	7656.0	7455.0	6947.0	6973.0	7707.0	6250.0	6750.0	6715.0	6163.0	5021.0	4119.0	3202.0	2333.0	7208.0	7098.0	7200.0	6727.0	7016.0	7815.0	6638.0	7142.0	7444.0	7673.0	6488.0	3131.0	3989.0	3959.0	3828.0	1286.0	935.0	2204.0	6819.0	7187.0	4719.0	3591.0	5885.0	3980.0	6311.0	4818.0	7299.0	3847.0	4324.0	3819.0	3430.0	5032.0	6014.0	2823.0	3114.0	3120.0	2984.0	2835.0	2647.0	1286.0	3425.0	3589.0	3055.0	3733.0	1607.0	4517.0	4829.0	3423.0	4765.0	3365.0	2846.0	1029.0	4084.0	4951.0	4930.0	7487.0	7389.0	1445.0	1395.0	559.0	6403.0	7332.0
alpha_rarefaction_17041_4.txt	17041	4	7468.0	7454.0	7130.0	6161.0	7364.0	7268.0	7145.0	7677.0	7364.0	6817.0	7157.0	6829.0	7132.0	7094.0	7263.0	7586.0	7570.0	6931.0	6973.0	7675.0	6354.0	6857.0	6659.0	6087.0	4996.0	4119.0	3314.0	2296.0	7245.0	7140.0	7154.0	6767.0	7041.0	7804.0	6575.0	7116.0	7492.0	7731.0	6479.0	3114.0	3967.0	3939.0	3746.0	1343.0	904.0	2275.0	6792.0	7172.0	4693.0	3593.0	5929.0	3989.0	6349.0	4750.0	7249.0	3809.0	4330.0	3877.0	3397.0	5070.0	5963.0	2877.0	3165.0	3088.0	3007.0	2825.0	2645.0	1290.0	3428.0	3599.0	3050.0	3742.0	1570.0	4554.0	4874.0	3479.0	4646.0	3347.0	2877.0	1044.0	4174.0	4987.0	4946.0	7576.0	7455.0	1433.0	1337.0	551.0	6440.0	7364.0
alpha_rarefaction_17041_5.txt	17041	5	7455.0	7363.0	7141.0	6116.0	7446.0	7284.0	7184.0	7545.0	7367.0	6820.0	7201.0	6754.0	7181.0	7136.0	7288.0	7625.0	7537.0	6955.0	6961.0	7641.0	6276.0	6746.0	6684.0	6146.0	4955.0	4126.0	3247.0	2296.0	7258.0	7133.0	7216.0	6653.0	6965.0	7793.0	6666.0	7051.0	7446.0	7760.0	6539.0	3141.0	3972.0	3957.0	3822.0	1324.0	892.0	2209.0	6852.0	7178.0	4693.0	3595.0	5826.0	3932.0	6293.0	4835.0	7203.0	3815.0	4250.0	3863.0	3378.0	4970.0	6097.0	2843.0	3073.0	3151.0	3037.0	2862.0	2599.0	1307.0	3481.0	3550.0	2977.0	3721.0	1615.0	4597.0	4785.0	3480.0	4737.0	3418.0	2778.0	1017.0	4068.0	4990.0	4924.0	7520.0	7453.0	1454.0	1330.0	555.0	6500.0	7306.0
alpha_rarefaction_17041_6.txt	17041	6	7449.0	7402.0	7029.0	6151.0	7322.0	7221.0	7111.0	7571.0	7283.0	6865.0	7252.0	6688.0	7172.0	7038.0	7302.0	7559.0	7517.0	6962.0	6923.0	7627.0	6266.0	6808.0	6749.0	6139.0	4931.0	4049.0	3264.0	2331.0	7271.0	7185.0	7160.0	6756.0	7040.0	7765.0	6562.0	7058.0	7379.0	7739.0	6555.0	3082.0	4016.0	3964.0	3858.0	1375.0	917.0	2164.0	6915.0	7107.0	4664.0	3579.0	5841.0	3950.0	6355.0	4812.0	7150.0	3855.0	4354.0	3866.0	3370.0	5009.0	6014.0	2832.0	3105.0	3150.0	3004.0	2834.0	2614.0	1301.0	3462.0	3594.0	2936.0	3692.0	1586.0	4598.0	4766.0	3410.0	4748.0	3388.0	2834.0	1049.0	4138.0	5056.0	4929.0	7517.0	7433.0	1492.0	1370.0	579.0	6475.0	7322.0
alpha_rarefaction_17041_7.txt	17041	7	7587.0	7414.0	7120.0	6049.0	7450.0	7214.0	7136.0	7600.0	7312.0	6728.0	7269.0	6847.0	7261.0	7072.0	7232.0	7555.0	7504.0	6945.0	6935.0	7558.0	6269.0	6852.0	6810.0	6158.0	4986.0	4147.0	3310.0	2316.0	7317.0	7148.0	7219.0	6637.0	7066.0	7838.0	6579.0	7126.0	7418.0	7769.0	6559.0	3156.0	4002.0	3940.0	3717.0	1334.0	903.0	2245.0	6852.0	7117.0	4609.0	3562.0	5887.0	3982.0	6282.0	4837.0	7204.0	3854.0	4242.0	3852.0	3397.0	5054.0	5939.0	2833.0	3112.0	3082.0	2991.0	2803.0	2638.0	1339.0	3475.0	3513.0	3021.0	3656.0	1611.0	4589.0	4853.0	3463.0	4672.0	3374.0	2835.0	1029.0	4118.0	4955.0	4916.0	7506.0	7390.0	1472.0	1352.0	577.0	6533.0	7394.0
alpha_rarefaction_17041_8.txt	17041	8	7498.0	7398.0	6999.0	6166.0	7487.0	7265.0	7272.0	7535.0	7354.0	6913.0	7226.0	6790.0	7141.0	7015.0	7276.0	7533.0	7547.0	7017.0	6932.0	7659.0	6250.0	6799.0	6783.0	6148.0	5015.0	4201.0	3286.0	2311.0	7275.0	7127.0	7164.0	6675.0	6978.0	7717.0	6642.0	7115.0	7446.0	7613.0	6548.0	3114.0	4084.0	3961.0	3872.0	1307.0	900.0	2228.0	6877.0	7205.0	4662.0	3597.0	5830.0	3930.0	6401.0	4867.0	7180.0	3864.0	4206.0	3835.0	3370.0	4953.0	6015.0	2871.0	3088.0	3075.0	2891.0	2824.0	2663.0	1300.0	3432.0	3551.0	3048.0	3726.0	1639.0	4512.0	4864.0	3499.0	4664.0	3392.0	2806.0	1031.0	4037.0	4962.0	4924.0	7539.0	7397.0	1443.0	1369.0	571.0	6474.0	7290.0
alpha_rarefaction_17041_9.txt	17041	9	7493.0	7394.0	7119.0	6274.0	7371.0	7287.0	7215.0	7527.0	7319.0	6842.0	7261.0	6726.0	7226.0	7115.0	7188.0	7630.0	7537.0	7021.0	6961.0	7606.0	6325.0	6793.0	6797.0	6226.0	5015.0	4169.0	3232.0	2309.0	7289.0	7150.0	7220.0	6722.0	7024.0	7847.0	6533.0	7087.0	7419.0	7844.0	6501.0	3133.0	4033.0	3987.0	3783.0	1323.0	956.0	2204.0	6843.0	7166.0	4793.0	3544.0	5897.0	3915.0	6359.0	4781.0	7236.0	3799.0	4233.0	3788.0	3414.0	4995.0	6023.0	2891.0	3072.0	3011.0	3034.0	2845.0	2654.0	1292.0	3384.0	3603.0	3047.0	3692.0	1634.0	4518.0	4826.0	3401.0	4766.0	3320.0	2803.0	1025.0	4044.0	4962.0	5019.0	7514.0	7490.0	1465.0	1377.0	553.0	6512.0	7302.0
alpha_rarefaction_19474_0.txt	19474	0	8219.0	8117.0	7661.0	6781.0	8064.0	7958.0	7917.0	8363.0	8045.0	7458.0	7957.0	7386.0	7900.0	7798.0	7963.0	8265.0	8274.0	7692.0	7694.0	8485.0	6788.0	7461.0	7426.0	6712.0	5512.0	4445.0	3547.0	2462.0	7963.0	7859.0	7877.0	7423.0	7708.0	8604.0	7213.0	7875.0	8167.0	8502.0	7115.0	3397.0	4419.0	4348.0	4064.0	1438.0	983.0	2398.0	7445.0	7857.0	5119.0	3832.0	6426.0	4296.0	6946.0	5346.0	7917.0	4240.0	4654.0	4175.0	3710.0	5444.0	6557.0	3051.0	3376.0	3328.0	3243.0	3065.0	2866.0	1409.0	3751.0	3890.0	3257.0	4077.0	1741.0	4917.0	5289.0	3756.0	5134.0	3697.0	3092.0	1063.0	4502.0	5445.0	5377.0	8318.0	8147.0	1547.0	1486.0	597.0	7142.0	8074.0
alpha_rarefaction_19474_1.txt	19474	1	8179.0	8051.0	7790.0	6850.0	8192.0	8017.0	7866.0	8238.0	7965.0	7575.0	7917.0	7429.0	7851.0	7776.0	8080.0	8307.0	8318.0	7692.0	7623.0	8424.0	6822.0	7482.0	7475.0	6802.0	5432.0	4441.0	3526.0	2488.0	8009.0	7828.0	7944.0	7326.0	7761.0	8549.0	7311.0	7808.0	8166.0	8496.0	7233.0	3454.0	4395.0	4281.0	4177.0	1430.0	980.0	2446.0	7430.0	7818.0	5110.0	3785.0	6469.0	4288.0	6923.0	5238.0	7951.0	4174.0	4563.0	4184.0	3666.0	5381.0	6583.0	3141.0	3402.0	3339.0	3254.0	3114.0	2898.0	1398.0	3679.0	3842.0	3255.0	4066.0	1683.0	4930.0	5301.0	3741.0	5164.0	3710.0	3125.0	1063.0	4448.0	5413.0	5415.0	8419.0	8119.0	1596.0	1493.0	577.0	7155.0	8004.0
alpha_rarefaction_19474_2.txt	19474	2	8268.0	8055.0	7793.0	6792.0	8169.0	7919.0	7881.0	8246.0	8003.0	7485.0	7952.0	7381.0	7818.0	7784.0	7960.0	8425.0	8268.0	7649.0	7620.0	8454.0	6808.0	7421.0	7443.0	6717.0	5539.0	4427.0	3559.0	2495.0	7922.0	7898.0	7928.0	7416.0	7676.0	8597.0	7224.0	7890.0	8222.0	8458.0	7125.0	3381.0	4349.0	4329.0	4074.0	1412.0	962.0	2409.0	7507.0	7871.0	5132.0	3816.0	6431.0	4287.0	6971.0	5227.0	7994.0	4126.0	4657.0	4166.0	3578.0	5393.0	6518.0	3163.0	3388.0	3341.0	3293.0	3026.0	2817.0	1366.0	3727.0	3841.0	3207.0	3978.0	1780.0	4972.0	5254.0	3766.0	5166.0	3657.0	3118.0	1068.0	4517.0	5419.0	5405.0	8313.0	8042.0	1550.0	1450.0	595.0	7057.0	8069.0
alpha_rarefaction_19474_3.txt	19474	3	8167.0	8150.0	7842.0	6792.0	8122.0	8012.0	7863.0	8301.0	8075.0	7461.0	7875.0	7414.0	7947.0	7858.0	8010.0	8333.0	8160.0	7661.0	7607.0	8330.0	6795.0	7425.0	7371.0	6750.0	5479.0	4501.0	3540.0	2470.0	7954.0	7884.0	7952.0	7423.0	7718.0	8467.0	7254.0	7873.0	8146.0	8511.0	7207.0	3421.0	4424.0	4311.0	4187.0	1382.0	959.0	2462.0	7476.0	7834.0	5025.0	3840.0	6401.0	4283.0	6937.0	5260.0	7920.0	4115.0	4609.0	4170.0	3608.0	5396.0	6565.0	3080.0	3358.0	3376.0	3311.0	3031.0	2891.0	1384.0	3701.0	3828.0	3234.0	4101.0	1744.0	4938.0	5231.0	3776.0	5185.0	3646.0	3100.0	1072.0	4445.0	5406.0	5441.0	8327.0	8128.0	1579.0	1490.0	589.0	7098.0	8038.0
alpha_rarefaction_19474_4.txt	19474	4	8234.0	8112.0	7850.0	6789.0	8194.0	7990.0	7883.0	8299.0	8001.0	7547.0	7918.0	7441.0	7862.0	7792.0	7941.0	8392.0	8320.0	7745.0	7689.0	8558.0	6890.0	7403.0	7450.0	6783.0	5442.0	4419.0	3572.0	2471.0	7938.0	7808.0	7963.0	7385.0	7746.0	8539.0	7212.0	7865.0	8207.0	8511.0	7146.0	3419.0	4355.0	4372.0	4148.0	1408.0	966.0	2450.0	7518.0	7848.0	5064.0	3822.0	6373.0	4308.0	7008.0	5184.0	7884.0	4165.0	4614.0	4142.0	3637.0	5473.0	6542.0	3097.0	3359.0	3320.0	3244.0	3048.0	2917.0	1415.0	3683.0	3873.0	3280.0	4066.0	1730.0	5017.0	5257.0	3771.0	5140.0	3676.0	3088.0	1061.0	4428.0	5478.0	5428.0	8290.0	8087.0	1540.0	1467.0	614.0	7044.0	8039.0
alpha_rarefaction_19474_5.txt	19474	5	8197.0	8040.0	7718.0	6680.0	8137.0	7947.0	7883.0	8282.0	8028.0	7503.0	8016.0	7432.0	8034.0	7749.0	7963.0	8349.0	8287.0	7649.0	7666.0	8386.0	6850.0	7494.0	7397.0	6775.0	5438.0	4484.0	3610.0	2479.0	7941.0	7778.0	7925.0	7430.0	7635.0	8527.0	7261.0	7766.0	8110.0	8542.0	7218.0	3412.0	4415.0	4291.0	4056.0	1417.0	973.0	2428.0	7498.0	7885.0	5092.0	3846.0	6353.0	4325.0	6908.0	5268.0	7895.0	4179.0	4627.0	4157.0	3647.0	5441.0	6550.0	3098.0	3321.0	3384.0	3318.0	3072.0	2861.0	1394.0	3692.0	3904.0	3245.0	4065.0	1705.0	4960.0	5259.0	3771.0	5098.0	3678.0	3113.0	1063.0	4417.0	5399.0	5367.0	8350.0	8188.0	1558.0	1458.0	607.0	7131.0	8129.0
alpha_rarefaction_19474_6.txt	19474	6	8232.0	8160.0	7795.0	6800.0	8203.0	7968.0	7870.0	8299.0	8066.0	7505.0	7992.0	7391.0	7947.0	7831.0	8038.0	8354.0	8293.0	7657.0	7676.0	8410.0	6880.0	7473.0	7476.0	6769.0	5417.0	4361.0	3527.0	2468.0	7961.0	7821.0	7871.0	7382.0	7700.0	8581.0	7246.0	7840.0	8127.0	8470.0	7136.0	3436.0	4373.0	4335.0	4165.0	1364.0	985.0	2413.0	7523.0	7866.0	5128.0	3847.0	6408.0	4274.0	6967.0	5262.0	7960.0	4193.0	4616.0	4266.0	3650.0	5487.0	6582.0	3102.0	3464.0	3320.0	3271.0	3095.0	2869.0	1377.0	3714.0	3921.0	3219.0	4018.0	1760.0	4952.0	5300.0	3770.0	5149.0	3712.0	3057.0	1076.0	4473.0	5414.0	5393.0	8311.0	8145.0	1559.0	1491.0	614.0	7182.0	8082.0
alpha_rarefaction_19474_7.txt	19474	7	8260.0	8114.0	7718.0	6876.0	8206.0	7976.0	7921.0	8302.0	8091.0	7515.0	7932.0	7472.0	7892.0	7763.0	8032.0	8327.0	8189.0	7693.0	7680.0	8501.0	6798.0	7518.0	7416.0	6775.0	5454.0	4470.0	3573.0	2483.0	7951.0	7903.0	7885.0	7387.0	7669.0	8532.0	7262.0	7850.0	8218.0	8495.0	7234.0	3429.0	4376.0	4315.0	4137.0	1405.0	969.0	2398.0	7469.0	7923.0	5069.0	3842.0	6404.0	4261.0	6880.0	5314.0	7929.0	4146.0	4652.0	4170.0	3689.0	5422.0	6529.0	3128.0	3387.0	3332.0	3314.0	3063.0	2852.0	1381.0	3707.0	3828.0	3235.0	4120.0	1741.0	4974.0	5217.0	3786.0	5140.0	3781.0	3044.0	1034.0	4403.0	5381.0	5359.0	8291.0	8195.0	1568.0	1463.0	609.0	7073.0	8072.0
alpha_rarefaction_19474_8.txt	19474	8	8242.0	8074.0	7840.0	6748.0	8169.0	7995.0	7877.0	8389.0	8102.0	7601.0	7954.0	7409.0	7913.0	7768.0	8052.0	8351.0	8206.0	7683.0	7596.0	8446.0	6883.0	7347.0	7427.0	6677.0	5528.0	4399.0	3565.0	2516.0	7973.0	7725.0	7891.0	7377.0	7679.0	8566.0	7209.0	7848.0	8134.0	8442.0	7184.0	3439.0	4429.0	4341.0	4041.0	1422.0	961.0	2437.0	7473.0	7806.0	5063.0	3767.0	6450.0	4261.0	7024.0	5200.0	7832.0	4181.0	4651.0	4114.0	3679.0	5491.0	6560.0	3040.0	3394.0	3355.0	3290.0	3056.0	2888.0	1376.0	3734.0	3921.0	3204.0	4055.0	1723.0	4974.0	5214.0	3736.0	5114.0	3786.0	3121.0	1070.0	4398.0	5480.0	5325.0	8308.0	8163.0	1574.0	1491.0	610.0	7043.0	7992.0
alpha_rarefaction_19474_9.txt	19474	9	8220.0	8125.0	7824.0	6809.0	8129.0	7994.0	7862.0	8361.0	8048.0	7578.0	7890.0	7427.0	7925.0	7696.0	7969.0	8339.0	8260.0	7592.0	7632.0	8483.0	6847.0	7474.0	7361.0	6804.0	5508.0	4414.0	3531.0	2479.0	7991.0	7902.0	7944.0	7392.0	7743.0	8612.0	7301.0	7824.0	8123.0	8470.0	7136.0	3405.0	4335.0	4284.0	4090.0	1438.0	959.0	2409.0	7497.0	7904.0	5061.0	3789.0	6392.0	4238.0	6952.0	5308.0	7837.0	4174.0	4606.0	4132.0	3664.0	5475.0	6601.0	3148.0	3410.0	3336.0	3272.0	3104.0	2912.0	1392.0	3775.0	3887.0	3250.0	4080.0	1706.0	4984.0	5272.0	3731.0	5100.0	3703.0	3120.0	1069.0	4428.0	5396.0	5389.0	8327.0	8142.0	1565.0	1465.0	599.0	7049.0	8084.0
alpha_rarefaction_21907_0.txt	21907	0	8932.0	8771.0	8373.0	7325.0	8951.0	8643.0	8576.0	9023.0	8617.0	8130.0	8558.0	8140.0	8560.0	8422.0	8643.0	9017.0	8960.0	8322.0	8302.0	9209.0	7256.0	7945.0	8001.0	7318.0	5883.0	4816.0	3845.0	2628.0	8554.0	8563.0	8577.0	8036.0	8368.0	9274.0	7875.0	8572.0	8883.0	9250.0	7790.0	3658.0	4705.0	4675.0	4442.0	1484.0	977.0	2633.0	8076.0	8389.0	5517.0	4003.0	6863.0	4597.0	7567.0	5706.0	8591.0	4558.0	4957.0	4550.0	3834.0	5867.0	7080.0	3378.0	3620.0	3594.0	3566.0	3261.0	3072.0	1470.0	3993.0	4138.0	3442.0	4306.0	1787.0	5357.0	5723.0	4030.0	5474.0	3956.0	3318.0	1094.0	4769.0	5851.0	5766.0	9041.0	8756.0	1618.0	1578.0	627.0	7663.0	8727.0
alpha_rarefaction_21907_1.txt	21907	1	9005.0	8774.0	8386.0	7362.0	8944.0	8644.0	8484.0	9071.0	8807.0	8144.0	8658.0	8052.0	8570.0	8408.0	8701.0	9055.0	8907.0	8367.0	8255.0	9145.0	7310.0	8034.0	8033.0	7311.0	5887.0	4758.0	3847.0	2629.0	8562.0	8537.0	8508.0	7871.0	8429.0	9272.0	7876.0	8554.0	8994.0	9180.0	7766.0	3631.0	4771.0	4599.0	4407.0	1484.0	1006.0	2594.0	8053.0	8468.0	5464.0	4065.0	6966.0	4617.0	7503.0	5681.0	8559.0	4500.0	4960.0	4491.0	3871.0	5855.0	7057.0	3348.0	3624.0	3583.0	3561.0	3297.0	3084.0	1450.0	3996.0	4193.0	3392.0	4352.0	1820.0	5385.0	5740.0	3975.0	5597.0	3929.0	3316.0	1080.0	4740.0	5872.0	5862.0	9058.0	8935.0	1644.0	1559.0	598.0	7682.0	8702.0
alpha_rarefaction_21907_2.txt	21907	2	8939.0	8730.0	8394.0	7352.0	8885.0	8642.0	8581.0	9008.0	8707.0	8106.0	8453.0	8043.0	8523.0	8426.0	8616.0	9065.0	8976.0	8296.0	8236.0	9128.0	7292.0	8008.0	8014.0	7356.0	5829.0	4792.0	3808.0	2631.0	8591.0	8498.0	8527.0	8054.0	8316.0	9313.0	7836.0	8496.0	8857.0	9252.0	7819.0	3625.0	4696.0	4653.0	4444.0	1481.0	1018.0	2560.0	8087.0	8471.0	5489.0	4105.0	6935.0	4639.0	7539.0	5655.0	8600.0	4550.0	4927.0	4538.0	3875.0	5933.0	7116.0	3322.0	3626.0	3534.0	3532.0	3295.0	3066.0	1470.0	4020.0	4224.0	3446.0	4382.0	1837.0	5386.0	5694.0	4065.0	5556.0	4010.0	3343.0	1094.0	4825.0	5876.0	5818.0	8993.0	8866.0	1627.0	1606.0	618.0	7795.0	8738.0
alpha_rarefaction_21907_3.txt	21907	3	8938.0	8794.0	8412.0	7347.0	8874.0	8682.0	8565.0	9028.0	8690.0	8113.0	8617.0	8035.0	8580.0	8426.0	8570.0	9053.0	8936.0	8317.0	8314.0	9171.0	7376.0	8060.0	8058.0	7335.0	5864.0	4755.0	3850.0	2630.0	8603.0	8452.0	8589.0	8073.0	8256.0	9215.0	7839.0	8597.0	8915.0	9266.0	7788.0	3649.0	4696.0	4647.0	4448.0	1492.0	1007.0	2622.0	8119.0	8511.0	5575.0	4087.0	6910.0	4604.0	7526.0	5713.0	8488.0	4536.0	4993.0	4453.0	3837.0	5830.0	7013.0	3304.0	3647.0	3569.0	3534.0	3301.0	3101.0	1459.0	4003.0	4175.0	3454.0	4363.0	1846.0	5430.0	5657.0	4118.0	5539.0	3913.0	3282.0	1091.0	4749.0	5825.0	5766.0	9020.0	8870.0	1641.0	1545.0	618.0	7738.0	8729.0
alpha_rarefaction_21907_4.txt	21907	4	8950.0	8747.0	8469.0	7349.0	8904.0	8678.0	8493.0	9085.0	8753.0	8074.0	8551.0	8010.0	8567.0	8473.0	8633.0	9054.0	8889.0	8226.0	8296.0	9235.0	7329.0	8074.0	8035.0	7331.0	5940.0	4835.0	3819.0	2659.0	8646.0	8512.0	8575.0	8080.0	8365.0	9339.0	7764.0	8518.0	8906.0	9258.0	7835.0	3661.0	4787.0	4681.0	4404.0	1543.0	1000.0	2585.0	8068.0	8540.0	5518.0	4060.0	6920.0	4606.0	7526.0	5681.0	8572.0	4531.0	4954.0	4554.0	3817.0	5866.0	7055.0	3327.0	3608.0	3603.0	3552.0	3309.0	3142.0	1497.0	4013.0	4187.0	3401.0	4376.0	1819.0	5403.0	5696.0	4050.0	5503.0	3960.0	3270.0	1076.0	4855.0	5863.0	5796.0	9047.0	8849.0	1675.0	1610.0	613.0	7650.0	8691.0
alpha_rarefaction_21907_5.txt	21907	5	8928.0	8798.0	8369.0	7370.0	8896.0	8625.0	8607.0	8951.0	8720.0	8141.0	8523.0	8053.0	8523.0	8333.0	8661.0	9063.0	8991.0	8259.0	8203.0	9219.0	7326.0	8057.0	8062.0	7304.0	5916.0	4786.0	3716.0	2643.0	8601.0	8532.0	8590.0	8009.0	8352.0	9300.0	7757.0	8510.0	8896.0	9253.0	7670.0	3585.0	4714.0	4729.0	4435.0	1514.0	992.0	2579.0	8107.0	8507.0	5589.0	4101.0	6941.0	4584.0	7527.0	5700.0	8619.0	4532.0	5002.0	4535.0	3887.0	5853.0	7069.0	3395.0	3620.0	3669.0	3575.0	3300.0	3082.0	1463.0	3989.0	4132.0	3472.0	4330.0	1802.0	5436.0	5705.0	4003.0	5516.0	4018.0	3410.0	1092.0	4862.0	5904.0	5756.0	9080.0	8885.0	1645.0	1599.0	614.0	7721.0	8723.0
alpha_rarefaction_21907_6.txt	21907	6	8945.0	8815.0	8379.0	7365.0	8900.0	8628.0	8522.0	9084.0	8732.0	8071.0	8553.0	8020.0	8552.0	8394.0	8629.0	9034.0	8894.0	8312.0	8239.0	9131.0	7317.0	8075.0	7993.0	7367.0	5844.0	4755.0	3861.0	2633.0	8604.0	8500.0	8576.0	8071.0	8365.0	9270.0	7852.0	8478.0	8915.0	9264.0	7829.0	3682.0	4759.0	4665.0	4410.0	1495.0	1015.0	2617.0	8062.0	8515.0	5490.0	4072.0	6964.0	4641.0	7527.0	5697.0	8539.0	4479.0	4907.0	4380.0	3873.0	5794.0	7048.0	3264.0	3678.0	3612.0	3520.0	3315.0	3133.0	1483.0	3984.0	4204.0	3444.0	4420.0	1820.0	5495.0	5738.0	4046.0	5506.0	3998.0	3321.0	1078.0	4822.0	5907.0	5738.0	9104.0	8796.0	1642.0	1582.0	644.0	7770.0	8727.0
alpha_rarefaction_21907_7.txt	21907	7	8896.0	8842.0	8351.0	7397.0	8866.0	8657.0	8583.0	9060.0	8773.0	8086.0	8560.0	8031.0	8519.0	8350.0	8601.0	9083.0	8968.0	8308.0	8208.0	9202.0	7331.0	7983.0	8069.0	7298.0	5850.0	4715.0	3835.0	2635.0	8641.0	8477.0	8535.0	7974.0	8297.0	9354.0	7848.0	8482.0	8903.0	9281.0	7758.0	3664.0	4751.0	4719.0	4487.0	1453.0	1003.0	2589.0	8094.0	8479.0	5553.0	4066.0	7003.0	4625.0	7522.0	5614.0	8544.0	4482.0	4942.0	4469.0	3849.0	5913.0	7144.0	3332.0	3583.0	3631.0	3527.0	3331.0	3081.0	1460.0	3946.0	4139.0	3470.0	4356.0	1836.0	5338.0	5694.0	4097.0	5570.0	4049.0	3338.0	1096.0	4800.0	5872.0	5806.0	9019.0	8836.0	1682.0	1577.0	630.0	7726.0	8709.0
alpha_rarefaction_21907_8.txt	21907	8	8960.0	8776.0	8405.0	7351.0	8955.0	8736.0	8496.0	9053.0	8779.0	8144.0	8605.0	7998.0	8516.0	8456.0	8652.0	9046.0	8969.0	8251.0	8170.0	9213.0	7302.0	8059.0	7960.0	7446.0	5860.0	4755.0	3806.0	2647.0	8575.0	8462.0	8644.0	7978.0	8358.0	9351.0	7857.0	8510.0	8810.0	9209.0	7778.0	3604.0	4715.0	4655.0	4389.0	1502.0	983.0	2581.0	8081.0	8478.0	5563.0	4072.0	6951.0	4608.0	7571.0	5699.0	8615.0	4555.0	4906.0	4486.0	3840.0	5807.0	7050.0	3328.0	3717.0	3584.0	3573.0	3312.0	3095.0	1468.0	3972.0	4130.0	3472.0	4334.0	1797.0	5435.0	5767.0	4018.0	5616.0	3976.0	3302.0	1073.0	4737.0	5871.0	5797.0	9027.0	8933.0	1674.0	1551.0	633.0	7696.0	8757.0
alpha_rarefaction_21907_9.txt	21907	9	8936.0	8851.0	8474.0	7319.0	8927.0	8580.0	8535.0	9110.0	8693.0	8121.0	8685.0	7999.0	8563.0	8389.0	8574.0	9123.0	8962.0	8261.0	8297.0	9203.0	7313.0	8036.0	8004.0	7330.0	5874.0	4773.0	3860.0	2653.0	8586.0	8509.0	8663.0	8053.0	8287.0	9334.0	7798.0	8529.0	8909.0	9210.0	7867.0	3647.0	4784.0	4612.0	4453.0	1481.0	1011.0	2582.0	8092.0	8491.0	5506.0	4067.0	6868.0	4697.0	7499.0	5683.0	8642.0	4560.0	4988.0	4529.0	3825.0	5829.0	7139.0	3298.0	3679.0	3628.0	3555.0	3283.0	3132.0	1506.0	3985.0	4154.0	3496.0	4390.0	1855.0	5373.0	5721.0	4072.0	5522.0	3983.0	3387.0	1091.0	4813.0	5897.0	5805.0	9073.0	8902.0	1664.0	1556.0	621.0	7745.0	8753.0
alpha_rarefaction_24340_0.txt	24340	0	9665.0	9473.0	9023.0	7935.0	9584.0	9274.0	9250.0	9686.0	9299.0	8787.0	9149.0	8636.0	9211.0	9062.0	9252.0	9705.0	9541.0	8854.0	8842.0	9894.0	7761.0	8554.0	8583.0	7820.0	6317.0	4947.0	4084.0	2779.0	9142.0	9211.0	9228.0	8690.0	8953.0	9987.0	8349.0	9136.0	9541.0	9898.0	8328.0	3892.0	5062.0	4949.0	4710.0	1571.0	1055.0	2719.0	8608.0	9143.0	5904.0	4312.0	7434.0	4883.0	8116.0	6105.0	9227.0	4849.0	5267.0	4853.0	4070.0	6253.0	7446.0	3586.0	3878.0	3889.0	3732.0	3503.0	3298.0	1550.0	4316.0	4451.0	3673.0	4697.0	1956.0	5777.0	6147.0	4388.0	5897.0	4238.0	3577.0	1111.0	5165.0	6311.0	6221.0	9762.0	9452.0	1771.0	1673.0	664.0	8270.0	9402.0
alpha_rarefaction_24340_1.txt	24340	1	9682.0	9469.0	9093.0	7809.0	9552.0	9241.0	9288.0	9688.0	9339.0	8640.0	9265.0	8649.0	9188.0	9001.0	9314.0	9747.0	9641.0	8892.0	8854.0	9873.0	7746.0	8609.0	8650.0	7846.0	6340.0	5055.0	4109.0	2778.0	9182.0	9094.0	9203.0	8608.0	8924.0	10034.0	8362.0	9131.0	9516.0	9949.0	8311.0	3932.0	5059.0	4986.0	4697.0	1611.0	1018.0	2746.0	8632.0	9115.0	5909.0	4269.0	7447.0	4864.0	8103.0	6132.0	9247.0	4825.0	5234.0	4840.0	4108.0	6189.0	7519.0	3549.0	3901.0	3860.0	3757.0	3488.0	3321.0	1548.0	4237.0	4469.0	3683.0	4635.0	1918.0	5731.0	6106.0	4325.0	5911.0	4218.0	3622.0	1107.0	5086.0	6289.0	6209.0	9769.0	9486.0	1748.0	1658.0	645.0	8267.0	9359.0
alpha_rarefaction_24340_2.txt	24340	2	9580.0	9507.0	9118.0	7938.0	9528.0	9314.0	9220.0	9737.0	9380.0	8769.0	9185.0	8626.0	9249.0	9029.0	9302.0	9698.0	9580.0	8832.0	8914.0	9881.0	7767.0	8560.0	8663.0	7898.0	6283.0	5018.0	4032.0	2779.0	9225.0	9151.0	9215.0	8535.0	9037.0	10045.0	8400.0	9238.0	9515.0	9910.0	8414.0	3887.0	5059.0	5001.0	4671.0	1578.0	1055.0	2680.0	8582.0	9089.0	5898.0	4289.0	7438.0	4869.0	8096.0	6084.0	9152.0	4885.0	5201.0	4779.0	4101.0	6260.0	7572.0	3587.0	3902.0	3870.0	3746.0	3511.0	3286.0	1542.0	4246.0	4451.0	3636.0	4670.0	1902.0	5810.0	6108.0	4327.0	5928.0	4289.0	3549.0	1111.0	5130.0	6297.0	6207.0	9745.0	9526.0	1761.0	1685.0	634.0	8233.0	9369.0
alpha_rarefaction_24340_3.txt	24340	3	9665.0	9387.0	9059.0	7885.0	9514.0	9250.0	9169.0	9733.0	9348.0	8696.0	9235.0	8604.0	9255.0	9086.0	9288.0	9762.0	9543.0	8900.0	8828.0	9913.0	7782.0	8686.0	8623.0	7830.0	6246.0	5033.0	4143.0	2779.0	9137.0	9071.0	9156.0	8647.0	9030.0	9952.0	8383.0	9142.0	9575.0	9906.0	8307.0	3944.0	5070.0	5022.0	4763.0	1594.0	1042.0	2743.0	8623.0	9142.0	5876.0	4274.0	7465.0	4886.0	8078.0	6102.0	9143.0	4865.0	5262.0	4842.0	4045.0	6219.0	7547.0	3549.0	3865.0	3877.0	3769.0	3494.0	3339.0	1549.0	4243.0	4395.0	3696.0	4668.0	1950.0	5828.0	6126.0	4373.0	5969.0	4254.0	3567.0	1108.0	5084.0	6276.0	6204.0	9719.0	9416.0	1775.0	1667.0	666.0	8337.0	9397.0
alpha_rarefaction_24340_4.txt	24340	4	9746.0	9402.0	9043.0	7841.0	9590.0	9210.0	9228.0	9718.0	9469.0	8686.0	9193.0	8609.0	9216.0	9016.0	9299.0	9721.0	9561.0	8971.0	8931.0	9924.0	7806.0	8700.0	8480.0	7950.0	6198.0	5003.0	4065.0	2779.0	9197.0	9248.0	9246.0	8603.0	9033.0	9977.0	8344.0	9199.0	9536.0	9894.0	8337.0	3940.0	5117.0	5005.0	4692.0	1552.0	1037.0	2727.0	8573.0	9120.0	5898.0	4269.0	7464.0	4926.0	8111.0	6059.0	9164.0	4846.0	5277.0	4917.0	4075.0	6170.0	7540.0	3554.0	3826.0	3850.0	3775.0	3529.0	3368.0	1588.0	4310.0	4401.0	3666.0	4654.0	1947.0	5836.0	6093.0	4280.0	5910.0	4273.0	3580.0	1118.0	5083.0	6285.0	6178.0	9725.0	9505.0	1733.0	1679.0	640.0	8301.0	9276.0
alpha_rarefaction_24340_5.txt	24340	5	9535.0	9432.0	9090.0	7853.0	9588.0	9209.0	9173.0	9781.0	9290.0	8666.0	9285.0	8718.0	9300.0	9047.0	9321.0	9728.0	9636.0	8936.0	8816.0	9880.0	7764.0	8615.0	8600.0	7857.0	6320.0	5055.0	4126.0	2779.0	9166.0	9130.0	9241.0	8610.0	9036.0	10083.0	8346.0	9139.0	9474.0	9918.0	8436.0	3858.0	5068.0	4936.0	4759.0	1536.0	1024.0	2714.0	8709.0	9047.0	5880.0	4257.0	7405.0	4890.0	8043.0	6081.0	9164.0	4823.0	5250.0	4870.0	4092.0	6211.0	7534.0	3550.0	3878.0	3844.0	3725.0	3537.0	3309.0	1587.0	4248.0	4423.0	3691.0	4675.0	1942.0	5855.0	6050.0	4304.0	5960.0	4259.0	3613.0	1098.0	5120.0	6247.0	6246.0	9749.0	9576.0	1786.0	1688.0	666.0	8287.0	9332.0
alpha_rarefaction_24340_6.txt	24340	6	9674.0	9497.0	9068.0	7812.0	9575.0	9306.0	9173.0	9635.0	9363.0	8698.0	9119.0	8648.0	9290.0	8906.0	9222.0	9731.0	9553.0	8984.0	8913.0	9904.0	7760.0	8638.0	8593.0	7774.0	6269.0	5020.0	4080.0	2779.0	9215.0	9245.0	9217.0	8686.0	9011.0	10037.0	8383.0	9172.0	9563.0	9959.0	8360.0	3931.0	5049.0	4984.0	4718.0	1563.0	1037.0	2691.0	8626.0	9154.0	5881.0	4274.0	7439.0	4929.0	8085.0	6030.0	9228.0	4861.0	5279.0	4791.0	4065.0	6204.0	7534.0	3550.0	3834.0	3817.0	3820.0	3527.0	3337.0	1582.0	4327.0	4448.0	3656.0	4685.0	1936.0	5793.0	6109.0	4329.0	5869.0	4231.0	3584.0	1106.0	5114.0	6298.0	6239.0	9706.0	9504.0	1741.0	1681.0	644.0	8359.0	9356.0
alpha_rarefaction_24340_7.txt	24340	7	9657.0	9409.0	9062.0	7962.0	9556.0	9242.0	9208.0	9616.0	9423.0	8729.0	9223.0	8595.0	9262.0	9088.0	9179.0	9717.0	9652.0	8934.0	8839.0	9905.0	7812.0	8635.0	8665.0	7960.0	6383.0	4996.0	4117.0	2779.0	9172.0	9213.0	9281.0	8602.0	9024.0	9880.0	8334.0	9141.0	9594.0	9915.0	8325.0	3849.0	5103.0	4986.0	4753.0	1590.0	1047.0	2714.0	8655.0	9158.0	5878.0	4269.0	7407.0	4918.0	7997.0	6054.0	9144.0	4856.0	5263.0	4788.0	4103.0	6218.0	7586.0	3574.0	3907.0	3830.0	3807.0	3473.0	3304.0	1537.0	4260.0	4467.0	3668.0	4700.0	1926.0	5777.0	6103.0	4410.0	5904.0	4224.0	3523.0	1115.0	5063.0	6253.0	6201.0	9784.0	9536.0	1739.0	1699.0	656.0	8232.0	9374.0
alpha_rarefaction_24340_8.txt	24340	8	9646.0	9470.0	9041.0	7837.0	9548.0	9261.0	9168.0	9696.0	9394.0	8650.0	9217.0	8621.0	9253.0	9024.0	9264.0	9697.0	9653.0	8963.0	8857.0	10038.0	7790.0	8616.0	8621.0	7938.0	6259.0	5019.0	4071.0	2779.0	9152.0	9099.0	9233.0	8727.0	8994.0	9916.0	8365.0	9134.0	9561.0	9931.0	8484.0	3869.0	5086.0	4960.0	4657.0	1541.0	1031.0	2734.0	8616.0	9102.0	5895.0	4313.0	7446.0	4915.0	8062.0	6153.0	9164.0	4805.0	5282.0	4804.0	4137.0	6231.0	7600.0	3564.0	3907.0	3856.0	3803.0	3510.0	3298.0	1533.0	4284.0	4418.0	3691.0	4692.0	1917.0	5730.0	6104.0	4313.0	5877.0	4232.0	3566.0	1107.0	5087.0	6302.0	6121.0	9859.0	9491.0	1743.0	1692.0	660.0	8283.0	9378.0
alpha_rarefaction_24340_9.txt	24340	9	9612.0	9477.0	9058.0	7801.0	9579.0	9235.0	9243.0	9791.0	9386.0	8711.0	9158.0	8690.0	9324.0	9036.0	9254.0	9636.0	9627.0	8927.0	8906.0	9882.0	7757.0	8623.0	8574.0	7843.0	6309.0	4979.0	4059.0	2779.0	9248.0	9085.0	9231.0	8676.0	8931.0	10012.0	8453.0	9127.0	9512.0	9926.0	8342.0	3830.0	5096.0	4981.0	4659.0	1568.0	1050.0	2711.0	8619.0	9064.0	5904.0	4229.0	7428.0	4889.0	8057.0	6194.0	9095.0	4870.0	5225.0	4827.0	4114.0	6269.0	7489.0	3593.0	3910.0	3830.0	3785.0	3553.0	3325.0	1520.0	4221.0	4439.0	3671.0	4672.0	1926.0	5665.0	6083.0	4358.0	5963.0	4313.0	3519.0	1111.0	5138.0	6235.0	6254.0	9727.0	9472.0	1737.0	1671.0	634.0	8352.0	9288.0