Length	Count
311.0	124
321.0	120
331.0	115
341.0	49
351.0	22
361.0	32
371.0	51
381.0	21
391.0	38
401.0	14604
411.0	61909
421.0	18
431.0	49
441.0	20
451.0	0
461.0	8
471.0	3
481.0	5
491.0	2
501.0	11
511.0	12
521.0	29
531.0	3
541.0	2
551.0	0
561.0	2
571.0	34
581.0	11
591.0	6
--

Length	Count
311.0	123
321.0	124
331.0	84
341.0	41
351.0	18
361.0	32
371.0	38
381.0	10
391.0	20
401.0	12502
411.0	53041
421.0	21
431.0	74
441.0	30
451.0	8
461.0	4
471.0	1
481.0	1
491.0	1
501.0	18
511.0	15
521.0	26
531.0	4
541.0	1
551.0	1
561.0	0
571.0	16
581.0	27
591.0	18
--

Length	Count
310.0	272
320.0	174
330.0	100
340.0	30
350.0	9
360.0	20
370.0	14
380.0	3
390.0	11
400.0	11983
410.0	44051
420.0	40
430.0	20
440.0	2
450.0	0
460.0	0
470.0	0
480.0	0
490.0	2
500.0	0
510.0	2
520.0	1
530.0	0
540.0	1
550.0	0
560.0	0
570.0	2
580.0	2
590.0	0
--

Length	Count
310.0	222
320.0	157
330.0	84
340.0	16
350.0	9
360.0	11
370.0	12
380.0	6
390.0	8
400.0	9454
410.0	44886
420.0	36
430.0	19
440.0	14
450.0	0
460.0	2
470.0	0
480.0	1
490.0	2
500.0	1
510.0	6
520.0	9
530.0	2
540.0	1
550.0	0
560.0	1
570.0	3
580.0	6
590.0	5
600.0	0
--

Length	Count
311.0	211
321.0	149
331.0	74
341.0	10
351.0	4
361.0	10
371.0	11
381.0	9
391.0	11
401.0	13252
411.0	42558
421.0	28
431.0	23
441.0	11
451.0	2
461.0	5
471.0	0
481.0	0
491.0	2
501.0	2
511.0	5
521.0	5
531.0	1
541.0	0
551.0	2
561.0	0
571.0	6
581.0	11
591.0	6
--

Length	Count
311.0	238
321.0	176
331.0	91
341.0	12
351.0	11
361.0	10
371.0	14
381.0	2
391.0	8
401.0	11630
411.0	49133
421.0	14
431.0	31
441.0	12
451.0	2
461.0	1
471.0	2
481.0	1
491.0	3
501.0	8
511.0	11
521.0	11
531.0	4
541.0	3
551.0	2
561.0	0
571.0	0
581.0	3
591.0	0
--

Length	Count
311.0	185
321.0	146
331.0	71
341.0	21
351.0	9
361.0	13
371.0	9
381.0	6
391.0	5
401.0	10543
411.0	39136
421.0	13
431.0	31
441.0	24
451.0	1
461.0	5
471.0	0
481.0	0
491.0	3
501.0	2
511.0	9
521.0	18
531.0	2
541.0	1
551.0	1
561.0	3
571.0	1
581.0	4
591.0	0
--

Length	Count
308.0	267
318.0	145
328.0	108
338.0	24
348.0	8
358.0	8
368.0	9
378.0	11
388.0	7
398.0	943
408.0	59158
418.0	259
428.0	37
438.0	33
448.0	13
458.0	3
468.0	2
478.0	1
488.0	0
498.0	8
508.0	21
518.0	52
528.0	8
538.0	5
548.0	2
558.0	1
568.0	6
578.0	1
588.0	6
598.0	0
--

Length	Count
311.0	162
321.0	106
331.0	55
341.0	14
351.0	9
361.0	12
371.0	12
381.0	6
391.0	9
401.0	8783
411.0	37681
421.0	16
431.0	41
441.0	10
451.0	2
461.0	3
471.0	3
481.0	2
491.0	1
501.0	6
511.0	7
521.0	18
531.0	4
541.0	0
551.0	0
561.0	0
571.0	1
581.0	1
591.0	0
--

Length	Count
310.0	185
320.0	130
330.0	77
340.0	10
350.0	11
360.0	8
370.0	8
380.0	5
390.0	3
400.0	8138
410.0	37696
420.0	37
430.0	35
440.0	13
450.0	5
460.0	1
470.0	0
480.0	1
490.0	3
500.0	0
510.0	4
520.0	9
530.0	1
540.0	1
550.0	0
560.0	2
570.0	4
580.0	4
590.0	5
600.0	0
--

Length	Count
310.0	204
320.0	153
330.0	87
340.0	9
350.0	6
360.0	10
370.0	7
380.0	7
390.0	7
400.0	9045
410.0	47784
420.0	27
430.0	17
440.0	5
450.0	3
460.0	1
470.0	1
480.0	1
490.0	0
500.0	0
510.0	3
520.0	11
530.0	2
540.0	1
550.0	1
560.0	0
570.0	3
580.0	1
590.0	1
600.0	0
--

Length	Count
309.0	217
319.0	126
329.0	85
339.0	17
349.0	3
359.0	12
369.0	10
379.0	6
389.0	4
399.0	1897
409.0	50413
419.0	42
429.0	37
439.0	19
449.0	1
459.0	1
469.0	0
479.0	0
489.0	0
499.0	4
509.0	7
519.0	6
529.0	5
539.0	5
549.0	2
559.0	2
569.0	1
579.0	4
589.0	9
599.0	0
--

Length	Count
309.0	308
319.0	159
329.0	125
339.0	14
349.0	12
359.0	13
369.0	14
379.0	7
389.0	4
399.0	2367
409.0	58960
419.0	99
429.0	23
439.0	13
449.0	1
459.0	1
469.0	1
479.0	0
489.0	0
499.0	1
509.0	3
519.0	5
529.0	1
539.0	2
549.0	0
559.0	3
569.0	3
579.0	9
589.0	6
599.0	0
--

Length	Count
306.0	261
316.0	138
326.0	129
336.0	36
346.0	7
356.0	11
366.0	9
376.0	14
386.0	14
396.0	651
406.0	53068
416.0	1237
426.0	13
436.0	37
446.0	1
456.0	4
466.0	2
476.0	1
486.0	0
496.0	1
506.0	5
516.0	14
526.0	1
536.0	2
546.0	2
556.0	1
566.0	2
576.0	0
586.0	12
596.0	0
--

Length	Count
311.0	201
321.0	116
331.0	57
341.0	6
351.0	9
361.0	8
371.0	11
381.0	1
391.0	5
401.0	10611
411.0	36629
421.0	34
431.0	29
441.0	33
451.0	2
461.0	7
471.0	2
481.0	0
491.0	1
501.0	7
511.0	11
521.0	14
531.0	2
541.0	1
551.0	4
561.0	0
571.0	4
581.0	12
591.0	0
--

Length	Count
308.0	227
318.0	101
328.0	66
338.0	17
348.0	10
358.0	12
368.0	11
378.0	13
388.0	8
398.0	1078
408.0	45870
418.0	131
428.0	28
438.0	22
448.0	3
458.0	1
468.0	0
478.0	3
488.0	0
498.0	2
508.0	3
518.0	12
528.0	2
538.0	3
548.0	1
558.0	0
568.0	3
578.0	5
588.0	8
598.0	0
--

Length	Count
311.0	181
321.0	101
331.0	64
341.0	11
351.0	17
361.0	9
371.0	10
381.0	5
391.0	10
401.0	10686
411.0	39882
421.0	34
431.0	38
441.0	15
451.0	3
461.0	9
471.0	3
481.0	0
491.0	1
501.0	2
511.0	12
521.0	21
531.0	3
541.0	3
551.0	1
561.0	1
571.0	7
581.0	6
591.0	1
--

Length	Count
312.0	125
322.0	128
332.0	42
342.0	15
352.0	12
362.0	7
372.0	7
382.0	11
392.0	9
402.0	10838
412.0	33658
422.0	12
432.0	32
442.0	10
452.0	1
462.0	2
472.0	1
482.0	1
492.0	3
502.0	17
512.0	23
522.0	25
532.0	4
542.0	3
552.0	3
562.0	1
572.0	4
582.0	6
592.0	0
--

Length	Count
308.0	214
318.0	136
328.0	88
338.0	14
348.0	14
358.0	17
368.0	11
378.0	9
388.0	4
398.0	1020
408.0	46891
418.0	111
428.0	23
438.0	8
448.0	3
458.0	0
468.0	0
478.0	3
488.0	0
498.0	2
508.0	3
518.0	17
528.0	1
538.0	2
548.0	1
558.0	2
568.0	0
578.0	1
588.0	3
598.0	0
--

Length	Count
308.0	244
318.0	142
328.0	134
338.0	21
348.0	9
358.0	16
368.0	11
378.0	5
388.0	5
398.0	908
408.0	56268
418.0	171
428.0	42
438.0	17
448.0	8
458.0	5
468.0	2
478.0	0
488.0	2
498.0	12
508.0	12
518.0	34
528.0	4
538.0	3
548.0	6
558.0	3
568.0	1
578.0	2
588.0	6
598.0	0
--

Length	Count
310.0	247
320.0	190
330.0	116
340.0	19
350.0	13
360.0	10
370.0	14
380.0	7
390.0	7
400.0	6989
410.0	51564
420.0	38
430.0	39
440.0	27
450.0	12
460.0	5
470.0	0
480.0	2
490.0	3
500.0	10
510.0	17
520.0	32
530.0	2
540.0	2
550.0	1
560.0	1
570.0	2
580.0	1
590.0	6
600.0	0
--

Length	Count
311.0	236
321.0	149
331.0	99
341.0	20
351.0	11
361.0	10
371.0	14
381.0	2
391.0	8
401.0	9571
411.0	47816
421.0	9
431.0	40
441.0	18
451.0	11
461.0	5
471.0	2
481.0	2
491.0	2
501.0	8
511.0	13
521.0	14
531.0	7
541.0	3
551.0	4
561.0	0
571.0	3
581.0	4
591.0	1
--

Length	Count
309.0	211
319.0	153
329.0	130
339.0	67
349.0	25
359.0	46
369.0	41
379.0	42
389.0	49
399.0	2290
409.0	85145
419.0	174
429.0	58
439.0	36
449.0	7
459.0	15
469.0	2
479.0	4
489.0	5
499.0	3
509.0	9
519.0	25
529.0	8
539.0	5
549.0	0
559.0	6
569.0	13
579.0	11
589.0	27
599.0	0
--

Length	Count
310.0	63
320.0	58
330.0	59
340.0	29
350.0	5
360.0	20
370.0	21
380.0	11
390.0	16
400.0	5655
410.0	33282
420.0	44
430.0	39
440.0	21
450.0	11
460.0	9
470.0	2
480.0	1
490.0	2
500.0	9
510.0	14
520.0	36
530.0	4
540.0	4
550.0	1
560.0	3
570.0	10
580.0	5
590.0	12
600.0	0
--

Length	Count
311.0	234
321.0	159
331.0	65
341.0	17
351.0	7
361.0	6
371.0	8
381.0	8
391.0	5
401.0	11854
411.0	53308
421.0	31
431.0	116
441.0	12
451.0	3
461.0	9
471.0	3
481.0	2
491.0	0
501.0	2
511.0	8
521.0	5
531.0	1
541.0	1
551.0	0
561.0	2
571.0	19
581.0	23
591.0	1
--

Length	Count
309.0	301
319.0	213
329.0	118
339.0	16
349.0	13
359.0	15
369.0	14
379.0	11
389.0	8
399.0	1268
409.0	65945
419.0	108
429.0	35
439.0	31
449.0	4
459.0	2
469.0	3
479.0	2
489.0	2
499.0	6
509.0	9
519.0	25
529.0	3
539.0	0
549.0	4
559.0	2
569.0	3
579.0	1
589.0	4
599.0	0
--

Length	Count
311.0	221
321.0	163
331.0	91
341.0	8
351.0	6
361.0	15
371.0	9
381.0	4
391.0	9
401.0	10300
411.0	51796
421.0	22
431.0	62
441.0	17
451.0	2
461.0	6
471.0	1
481.0	0
491.0	0
501.0	3
511.0	5
521.0	15
531.0	1
541.0	3
551.0	2
561.0	0
571.0	28
581.0	6
591.0	0
--

Length	Count
308.0	241
318.0	177
328.0	138
338.0	22
348.0	8
358.0	16
368.0	12
378.0	5
388.0	13
398.0	1007
408.0	64373
418.0	256
428.0	52
438.0	43
448.0	17
458.0	10
468.0	5
478.0	6
488.0	9
498.0	21
508.0	19
518.0	50
528.0	20
538.0	5
548.0	9
558.0	4
568.0	2
578.0	4
588.0	15
598.0	0
--

Length	Count
308.0	273
318.0	165
328.0	129
338.0	35
348.0	8
358.0	12
368.0	10
378.0	14
388.0	8
398.0	1327
408.0	77307
418.0	465
428.0	95
438.0	34
448.0	25
458.0	15
468.0	5
478.0	5
488.0	2
498.0	17
508.0	45
518.0	74
528.0	19
538.0	3
548.0	8
558.0	7
568.0	5
578.0	7
588.0	6
598.0	0
--

Length	Count
309.0	182
319.0	141
329.0	71
339.0	12
349.0	3
359.0	12
369.0	11
379.0	9
389.0	9
399.0	1200
409.0	59979
419.0	109
429.0	48
439.0	34
449.0	9
459.0	6
469.0	6
479.0	3
489.0	3
499.0	23
509.0	11
519.0	72
529.0	6
539.0	5
549.0	3
559.0	1
569.0	9
579.0	0
589.0	2
--

Length	Count
311.0	136
321.0	90
331.0	33
341.0	10
351.0	10
361.0	7
371.0	4
381.0	4
391.0	5
401.0	9164
411.0	27694
421.0	38
431.0	18
441.0	4
451.0	2
461.0	1
471.0	0
481.0	0
491.0	3
501.0	4
511.0	0
521.0	2
531.0	1
541.0	0
551.0	0
561.0	0
571.0	9
581.0	15
591.0	4
--

Length	Count
308.0	179
318.0	96
328.0	51
338.0	12
348.0	4
358.0	6
368.0	3
378.0	3
388.0	4
398.0	2023
408.0	40658
418.0	271
428.0	27
438.0	35
448.0	11
458.0	16
468.0	3
478.0	4
488.0	3
498.0	5
508.0	9
518.0	19
528.0	5
538.0	7
548.0	2
558.0	1
568.0	4
578.0	4
588.0	15
598.0	0
--

Length	Count
310.0	175
320.0	126
330.0	68
340.0	11
350.0	8
360.0	6
370.0	9
380.0	7
390.0	5
400.0	8576
410.0	37967
420.0	184
430.0	60
440.0	35
450.0	13
460.0	19
470.0	3
480.0	4
490.0	7
500.0	17
510.0	23
520.0	31
530.0	11
540.0	3
550.0	4
560.0	1
570.0	7
580.0	4
590.0	7
600.0	0
--

Length	Count
308.0	350
318.0	163
328.0	73
338.0	44
348.0	14
358.0	15
368.0	11
378.0	7
388.0	14
398.0	3361
408.0	51408
418.0	426
428.0	45
438.0	31
448.0	8
458.0	3
468.0	7
478.0	0
488.0	0
498.0	0
508.0	68
518.0	13
528.0	18
538.0	8
548.0	1
558.0	5
568.0	65
578.0	23
588.0	60
598.0	0
--

Length	Count
310.0	210
320.0	145
330.0	82
340.0	18
350.0	9
360.0	10
370.0	10
380.0	5
390.0	6
400.0	10279
410.0	45370
420.0	359
430.0	59
440.0	38
450.0	12
460.0	42
470.0	4
480.0	6
490.0	2
500.0	19
510.0	26
520.0	34
530.0	9
540.0	4
550.0	2
560.0	9
570.0	17
580.0	17
590.0	12
600.0	0
--

Length	Count
311.0	137
321.0	111
331.0	54
341.0	5
351.0	7
361.0	7
371.0	3
381.0	9
391.0	5
401.0	11965
411.0	38221
421.0	102
431.0	63
441.0	32
451.0	5
461.0	24
471.0	3
481.0	5
491.0	3
501.0	13
511.0	10
521.0	22
531.0	5
541.0	3
551.0	0
561.0	9
571.0	4
581.0	11
591.0	5
601.0	0
--

Length	Count
311.0	233
321.0	137
331.0	64
341.0	22
351.0	9
361.0	4
371.0	8
381.0	1
391.0	2
401.0	14047
411.0	44521
421.0	177
431.0	79
441.0	21
451.0	21
461.0	39
471.0	1
481.0	2
491.0	3
501.0	19
511.0	18
521.0	65
531.0	9
541.0	27
551.0	1
561.0	29
571.0	14
581.0	21
591.0	10
601.0	0
--

Length	Count
308.0	334
318.0	156
328.0	98
338.0	34
348.0	15
358.0	18
368.0	13
378.0	9
388.0	10
398.0	1051
408.0	58412
418.0	551
428.0	64
438.0	27
448.0	29
458.0	2
468.0	2
478.0	1
488.0	0
498.0	2
508.0	14
518.0	15
528.0	10
538.0	1
548.0	0
558.0	2
568.0	2
578.0	8
588.0	30
598.0	0
--

Length	Count
308.0	370
318.0	181
328.0	110
338.0	33
348.0	13
358.0	11
368.0	10
378.0	13
388.0	17
398.0	1165
408.0	67324
418.0	608
428.0	72
438.0	47
448.0	23
458.0	3
468.0	1
478.0	0
488.0	2
498.0	6
508.0	13
518.0	26
528.0	7
538.0	4
548.0	0
558.0	4
568.0	2
578.0	3
588.0	32
598.0	0
--

Length	Count
312.0	223
322.0	178
332.0	66
342.0	15
352.0	13
362.0	13
372.0	14
382.0	5
392.0	22
402.0	15355
412.0	47456
422.0	60
432.0	25
442.0	15
452.0	8
462.0	5
472.0	1
482.0	0
492.0	0
502.0	4
512.0	1
522.0	12
532.0	3
542.0	0
552.0	2
562.0	1
572.0	13
582.0	41
592.0	0
--

Length	Count
309.0	263
319.0	162
329.0	87
339.0	25
349.0	10
359.0	9
369.0	16
379.0	11
389.0	7
399.0	1432
409.0	56393
419.0	596
429.0	34
439.0	37
449.0	11
459.0	5
469.0	0
479.0	0
489.0	0
499.0	2
509.0	6
519.0	18
529.0	6
539.0	5
549.0	4
559.0	0
569.0	1
579.0	11
589.0	14
599.0	0
--

Length	Count
311.0	222
321.0	146
331.0	58
341.0	12
351.0	13
361.0	10
371.0	9
381.0	11
391.0	10
401.0	12784
411.0	43495
421.0	162
431.0	56
441.0	31
451.0	14
461.0	4
471.0	1
481.0	5
491.0	3
501.0	2
511.0	9
521.0	9
531.0	2
541.0	3
551.0	0
561.0	3
571.0	6
581.0	22
591.0	2
--

Length	Count
307.0	255
317.0	112
327.0	87
337.0	16
347.0	9
357.0	8
367.0	12
377.0	4
387.0	3
397.0	356
407.0	49998
417.0	1001
427.0	74
437.0	49
447.0	23
457.0	4
467.0	4
477.0	2
487.0	0
497.0	5
507.0	8
517.0	11
527.0	11
537.0	7
547.0	3
557.0	1
567.0	3
577.0	6
587.0	29
597.0	0
--

Length	Count
306.0	227
316.0	125
326.0	78
336.0	20
346.0	6
356.0	9
366.0	10
376.0	7
386.0	3
396.0	364
406.0	50378
416.0	1287
426.0	105
436.0	31
446.0	13
456.0	7
466.0	6
476.0	13
486.0	3
496.0	0
506.0	5
516.0	3
526.0	22
536.0	0
546.0	0
556.0	1
566.0	0
576.0	10
586.0	33
596.0	0
--

Length	Count
313.0	217
323.0	140
333.0	30
343.0	17
353.0	12
363.0	9
373.0	11
383.0	10
393.0	26
403.0	18121
413.0	33875
423.0	941
433.0	226
443.0	37
453.0	14
463.0	4
473.0	16
483.0	0
493.0	1
503.0	10
513.0	20
523.0	22
533.0	12
543.0	5
553.0	3
563.0	1
573.0	11
583.0	91
593.0	0
--

Length	Count
311.0	221
321.0	129
331.0	54
341.0	7
351.0	15
361.0	14
371.0	15
381.0	3
391.0	5
401.0	11002
411.0	43315
421.0	466
431.0	99
441.0	23
451.0	37
461.0	0
471.0	1
481.0	13
491.0	0
501.0	3
511.0	15
521.0	7
531.0	2
541.0	0
551.0	0
561.0	0
571.0	11
581.0	26
591.0	2
--

Length	Count
311.0	196
321.0	129
331.0	47
341.0	20
351.0	10
361.0	8
371.0	13
381.0	3
391.0	6
401.0	21615
411.0	35149
421.0	56
431.0	13
441.0	5
451.0	7
461.0	1
471.0	0
481.0	0
491.0	0
501.0	1
511.0	1
521.0	3
531.0	2
541.0	0
551.0	0
561.0	0
571.0	2
581.0	2
591.0	10
601.0	0
--

Length	Count
307.0	360
317.0	211
327.0	113
337.0	34
347.0	29
357.0	26
367.0	26
377.0	7
387.0	6
397.0	1047
407.0	68679
417.0	776
427.0	49
437.0	11
447.0	2
457.0	3
467.0	6
477.0	0
487.0	1
497.0	0
507.0	12
517.0	17
527.0	5
537.0	3
547.0	0
557.0	2
567.0	2
577.0	15
587.0	20
597.0	0
--

Length	Count
311.0	323
321.0	174
331.0	87
341.0	22
351.0	18
361.0	13
371.0	19
381.0	8
391.0	9
401.0	19928
411.0	44757
421.0	196
431.0	73
441.0	16
451.0	1
461.0	5
471.0	2
481.0	2
491.0	0
501.0	1
511.0	2
521.0	1
531.0	0
541.0	0
551.0	1
561.0	3
571.0	7
581.0	29
591.0	59
601.0	0
--

Length	Count
311.0	283
321.0	164
331.0	90
341.0	22
351.0	15
361.0	17
371.0	12
381.0	12
391.0	20
401.0	27823
411.0	40865
421.0	212
431.0	78
441.0	17
451.0	7
461.0	6
471.0	6
481.0	6
491.0	0
501.0	9
511.0	17
521.0	10
531.0	5
541.0	0
551.0	2
561.0	3
571.0	4
581.0	32
591.0	26
--

Length	Count
308.0	256
318.0	104
328.0	55
338.0	13
348.0	22
358.0	9
368.0	10
378.0	9
388.0	5
398.0	2769
408.0	46194
418.0	318
428.0	43
438.0	10
448.0	3
458.0	2
468.0	1
478.0	3
488.0	2
498.0	2
508.0	10
518.0	1
528.0	9
538.0	1
548.0	1
558.0	1
568.0	3
578.0	14
588.0	30
598.0	0
--

Length	Count
310.0	304
320.0	226
330.0	101
340.0	18
350.0	19
360.0	13
370.0	16
380.0	13
390.0	10
400.0	2193
410.0	54765
420.0	10
430.0	30
440.0	11
450.0	9
460.0	6
470.0	1
480.0	1
490.0	1
500.0	1
510.0	2
520.0	2
530.0	1
540.0	0
550.0	0
560.0	0
570.0	1
580.0	2
590.0	3
600.0	0
--

Length	Count
309.0	269
319.0	139
329.0	63
339.0	14
349.0	4
359.0	9
369.0	7
379.0	4
389.0	4
399.0	898
409.0	54432
419.0	14
429.0	27
439.0	13
449.0	3
459.0	3
469.0	0
479.0	2
489.0	0
499.0	3
509.0	2
519.0	0
529.0	0
539.0	0
549.0	1
559.0	1
569.0	0
579.0	2
589.0	1
599.0	0
--

Length	Count
311.0	223
321.0	189
331.0	51
341.0	14
351.0	9
361.0	17
371.0	12
381.0	5
391.0	9
401.0	6769
411.0	55459
421.0	3
431.0	31
441.0	6
451.0	2
461.0	2
471.0	2
481.0	1
491.0	1
501.0	2
511.0	3
521.0	0
531.0	1
541.0	0
551.0	0
561.0	0
571.0	0
581.0	2
591.0	0
--

Length	Count
311.0	206
321.0	226
331.0	60
341.0	19
351.0	23
361.0	15
371.0	6
381.0	8
391.0	4
401.0	4543
411.0	61714
421.0	8
431.0	27
441.0	7
451.0	6
461.0	0
471.0	0
481.0	0
491.0	3
501.0	3
511.0	1
521.0	1
531.0	2
541.0	0
551.0	0
561.0	1
571.0	0
581.0	2
591.0	0
--

Length	Count
311.0	215
321.0	136
331.0	29
341.0	12
351.0	9
361.0	13
371.0	13
381.0	8
391.0	3
401.0	3599
411.0	52092
421.0	6
431.0	33
441.0	3
451.0	14
461.0	3
471.0	0
481.0	0
491.0	0
501.0	2
511.0	0
521.0	0
531.0	0
541.0	0
551.0	0
561.0	1
571.0	0
581.0	2
591.0	0
--

Length	Count
311.0	289
321.0	201
331.0	65
341.0	29
351.0	23
361.0	9
371.0	11
381.0	9
391.0	5
401.0	3538
411.0	69791
421.0	7
431.0	35
441.0	7
451.0	13
461.0	1
471.0	0
481.0	0
491.0	0
501.0	2
511.0	2
521.0	0
531.0	3
541.0	0
--

Length	Count
312.0	118
322.0	181
332.0	37
342.0	7
352.0	14
362.0	6
372.0	20
382.0	4
392.0	2
402.0	8970
412.0	49819
422.0	4
432.0	28
442.0	12
452.0	29
462.0	11
472.0	0
482.0	4
492.0	3
502.0	4
512.0	2
522.0	0
532.0	0
542.0	0
552.0	0
562.0	1
572.0	1
582.0	8
592.0	0
--

Length	Count
308.0	189
318.0	178
328.0	131
338.0	25
348.0	6
358.0	21
368.0	13
378.0	7
388.0	3
398.0	796
408.0	63007
418.0	35
428.0	22
438.0	23
448.0	14
458.0	43
468.0	1
478.0	1
488.0	1
498.0	5
508.0	3
518.0	2
528.0	1
538.0	1
548.0	0
558.0	1
568.0	0
578.0	0
588.0	7
598.0	0
--

Length	Count
311.0	137
321.0	159
331.0	29
341.0	7
351.0	6
361.0	8
371.0	9
381.0	2
391.0	3
401.0	2613
411.0	47840
421.0	3
431.0	24
441.0	21
451.0	115
461.0	45
471.0	4
481.0	1
491.0	3
501.0	0
511.0	2
521.0	2
531.0	3
541.0	0
551.0	1
561.0	0
571.0	0
581.0	1
591.0	0
--

Length	Count
311.0	184
321.0	187
331.0	38
341.0	7
351.0	15
361.0	14
371.0	17
381.0	5
391.0	2
401.0	3384
411.0	61709
421.0	4
431.0	22
441.0	39
451.0	196
461.0	60
471.0	3
481.0	4
491.0	23
501.0	4
511.0	18
521.0	8
531.0	4
541.0	2
551.0	1
561.0	0
571.0	2
581.0	1
--

Length	Count
311.0	124
321.0	150
331.0	30
341.0	15
351.0	9
361.0	19
371.0	10
381.0	3
391.0	3
401.0	3019
411.0	51938
421.0	3
431.0	21
441.0	22
451.0	121
461.0	49
471.0	4
481.0	3
491.0	3
501.0	2
511.0	5
521.0	4
531.0	0
541.0	4
551.0	0
561.0	0
571.0	0
581.0	1
591.0	1
--

Length	Count
310.0	226
320.0	298
330.0	86
340.0	20
350.0	13
360.0	15
370.0	17
380.0	2
390.0	3
400.0	789
410.0	63828
420.0	4
430.0	12
440.0	30
450.0	126
460.0	64
470.0	9
480.0	0
490.0	0
500.0	0
510.0	0
520.0	0
530.0	0
540.0	0
550.0	0
560.0	0
570.0	1
580.0	0
--

Length	Count
311.0	259
321.0	268
331.0	84
341.0	13
351.0	20
361.0	31
371.0	19
381.0	2
391.0	7
401.0	6249
411.0	80827
421.0	13
431.0	44
441.0	43
451.0	220
461.0	25
471.0	1
481.0	5
491.0	11
501.0	8
511.0	8
521.0	4
531.0	0
541.0	1
551.0	1
561.0	2
571.0	0
581.0	1
591.0	3
--

Length	Count
310.0	190
320.0	174
330.0	57
340.0	20
350.0	9
360.0	20
370.0	9
380.0	4
390.0	1
400.0	2263
410.0	64359
420.0	13
430.0	50
440.0	34
450.0	87
460.0	67
470.0	2
480.0	6
490.0	6
500.0	4
510.0	5
520.0	4
530.0	0
540.0	0
550.0	0
560.0	1
570.0	0
--

Length	Count
310.0	13
320.0	7
330.0	5
340.0	3
350.0	0
360.0	0
370.0	0
380.0	0
390.0	0
400.0	36
410.0	1767
420.0	2
430.0	13
440.0	5
450.0	0
460.0	0
470.0	0
480.0	0
490.0	1
500.0	0
--

Length	Count
308.0	225
318.0	173
328.0	127
338.0	26
348.0	11
358.0	8
368.0	15
378.0	5
388.0	6
398.0	1188
408.0	65375
418.0	35
428.0	29
438.0	39
448.0	79
458.0	173
468.0	2
478.0	3
488.0	13
498.0	10
508.0	13
518.0	9
528.0	1
538.0	2
548.0	1
558.0	0
568.0	0
578.0	0
588.0	4
598.0	0
--

Length	Count
311.0	119
321.0	133
331.0	45
341.0	11
351.0	11
361.0	11
371.0	10
381.0	2
391.0	4
401.0	3706
411.0	39519
421.0	8
431.0	22
441.0	22
451.0	102
461.0	4
471.0	0
481.0	1
491.0	8
501.0	4
511.0	2
521.0	3
531.0	0
541.0	1
551.0	0
561.0	0
571.0	1
581.0	0
--

Length	Count
311.0	165
321.0	162
331.0	71
341.0	25
351.0	9
361.0	23
371.0	9
381.0	3
391.0	1
401.0	4818
411.0	57083
421.0	10
431.0	33
441.0	19
451.0	149
461.0	9
471.0	3
481.0	0
491.0	4
501.0	1
511.0	8
521.0	2
531.0	3
541.0	2
551.0	0
561.0	20
571.0	0
581.0	4
591.0	0
--

Length	Count
312.0	4
322.0	6
332.0	0
342.0	0
352.0	1
362.0	0
372.0	1
382.0	0
392.0	0
402.0	103
412.0	518
422.0	0
432.0	7
442.0	4
452.0	0
--

Length	Count
311.0	199
321.0	233
331.0	63
341.0	31
351.0	18
361.0	21
371.0	13
381.0	7
391.0	6
401.0	3155
411.0	72685
421.0	0
431.0	17
441.0	6
451.0	61
461.0	1
471.0	1
481.0	0
491.0	0
501.0	0
511.0	0
521.0	1
531.0	0
541.0	0
551.0	0
561.0	0
571.0	2
581.0	0
--

Length	Count
311.0	235
321.0	273
331.0	67
341.0	32
351.0	19
361.0	19
371.0	18
381.0	6
391.0	2
401.0	3637
411.0	71524
421.0	3
431.0	8
441.0	10
451.0	211
461.0	6
471.0	1
481.0	2
491.0	9
501.0	0
511.0	0
521.0	1
531.0	0
541.0	1
551.0	0
561.0	0
571.0	0
581.0	0
591.0	1
601.0	0
--

Length	Count
311.0	280
321.0	396
331.0	75
341.0	39
351.0	19
361.0	29
371.0	18
381.0	10
391.0	6
401.0	4605
411.0	106595
421.0	9
431.0	71
441.0	10
451.0	177
461.0	27
471.0	0
481.0	0
491.0	2
501.0	20
511.0	8
521.0	1
531.0	4
541.0	0
551.0	0
561.0	0
571.0	0
581.0	3
591.0	2
--

Length	Count
310.0	21
320.0	26
330.0	10
340.0	1
350.0	1
360.0	1
370.0	4
380.0	1
390.0	0
400.0	67
410.0	6713
420.0	2
430.0	11
440.0	7
450.0	1
460.0	0
470.0	0
480.0	0
490.0	5
500.0	0
--

Length	Count
311.0	126
321.0	140
331.0	44
341.0	12
351.0	11
361.0	12
371.0	4
381.0	5
391.0	6
401.0	1950
411.0	43655
421.0	3
431.0	19
441.0	12
451.0	64
461.0	9
471.0	0
481.0	1
491.0	3
501.0	1
511.0	1
521.0	1
531.0	0
541.0	0
551.0	2
561.0	1
571.0	1
581.0	1
591.0	2
--

Length	Count
311.0	156
321.0	119
331.0	49
341.0	16
351.0	12
361.0	10
371.0	15
381.0	8
391.0	4
401.0	14485
411.0	37732
421.0	2
431.0	10
441.0	8
451.0	4
461.0	5
471.0	1
481.0	0
491.0	4
501.0	4
511.0	0
521.0	6
531.0	0
541.0	2
551.0	0
561.0	1
571.0	1
581.0	2
591.0	0
--

Length	Count
310.0	164
320.0	120
330.0	65
340.0	10
350.0	7
360.0	9
370.0	9
380.0	6
390.0	3
400.0	6323
410.0	47110
420.0	6
430.0	16
440.0	15
450.0	1
460.0	1
470.0	0
480.0	0
490.0	2
500.0	0
510.0	0
520.0	0
530.0	2
540.0	9
550.0	0
560.0	1
570.0	0
580.0	2
590.0	0
--

Length	Count
311.0	155
321.0	117
331.0	55
341.0	8
351.0	8
361.0	14
371.0	5
381.0	3
391.0	6
401.0	10785
411.0	37881
421.0	6
431.0	17
441.0	8
451.0	5
461.0	4
471.0	2
481.0	0
491.0	3
501.0	4
511.0	4
521.0	1
531.0	5
541.0	0
551.0	0
561.0	0
571.0	0
581.0	0
591.0	1
--

Length	Count
311.0	219
321.0	232
331.0	80
341.0	16
351.0	17
361.0	17
371.0	15
381.0	2
391.0	4
401.0	12316
411.0	49497
421.0	4
431.0	11
441.0	7
451.0	5
461.0	2
471.0	0
481.0	1
491.0	1
501.0	0
511.0	1
521.0	3
531.0	0
541.0	7
551.0	1
561.0	0
571.0	1
581.0	1
591.0	1
--

Length	Count
311.0	315
321.0	219
331.0	62
341.0	13
351.0	12
361.0	10
371.0	16
381.0	3
391.0	13
401.0	10417
411.0	57573
421.0	9
431.0	21
441.0	7
451.0	4
461.0	2
471.0	1
481.0	0
491.0	2
501.0	1
511.0	0
521.0	2
531.0	1
541.0	4
551.0	0
561.0	1
571.0	2
581.0	0
591.0	2
--

Length	Count
311.0	316
321.0	217
331.0	71
341.0	22
351.0	15
361.0	21
371.0	25
381.0	6
391.0	9
401.0	13273
411.0	64862
421.0	9
431.0	66
441.0	10
451.0	4
461.0	3
471.0	1
481.0	0
491.0	2
501.0	0
511.0	1
521.0	1
531.0	0
541.0	1
551.0	0
561.0	0
571.0	0
581.0	2
591.0	1
--

Length	Count
309.0	146
319.0	141
329.0	78
339.0	25
349.0	6
359.0	26
369.0	26
379.0	7
389.0	4
399.0	2016
409.0	53575
419.0	6
429.0	14
439.0	9
449.0	4
459.0	2
469.0	0
479.0	1
489.0	2
499.0	4
509.0	2
519.0	1
529.0	4
539.0	1
549.0	0
559.0	0
569.0	1
579.0	0
--

Length	Count
311.0	206
321.0	219
331.0	73
341.0	15
351.0	5
361.0	6
371.0	10
381.0	4
391.0	6
401.0	8628
411.0	50537
421.0	5
431.0	6
441.0	9
451.0	2
461.0	4
471.0	1
481.0	0
491.0	1
501.0	0
511.0	1
521.0	3
531.0	2
541.0	1
551.0	0
561.0	2
571.0	4
581.0	2
591.0	0
--

Length	Count
309.0	229
319.0	144
329.0	106
339.0	26
349.0	10
359.0	17
369.0	9
379.0	5
389.0	6
399.0	4908
409.0	66264
419.0	33
429.0	26
439.0	17
449.0	3
459.0	8
469.0	1
479.0	0
489.0	6
499.0	1
509.0	0
519.0	2
529.0	4
539.0	6
549.0	0
559.0	1
569.0	1
579.0	1
589.0	0
--

Length	Count
311.0	187
321.0	219
331.0	63
341.0	14
351.0	9
361.0	23
371.0	11
381.0	7
391.0	6
401.0	11783
411.0	60108
421.0	2
431.0	14
441.0	9
451.0	4
461.0	3
471.0	0
481.0	0
491.0	0
501.0	0
511.0	2
521.0	2
531.0	0
541.0	3
551.0	0
561.0	0
571.0	0
581.0	0
591.0	1
--

Length	Count
310.0	223
320.0	126
330.0	74
340.0	15
350.0	3
360.0	14
370.0	11
380.0	5
390.0	4
400.0	7082
410.0	54497
420.0	16
430.0	11
440.0	13
450.0	18
460.0	22
470.0	1
480.0	3
490.0	4
500.0	1
510.0	5
520.0	3
530.0	1
540.0	6
550.0	0
560.0	2
570.0	1
580.0	2
590.0	0
--

Length	Count
309.0	377
319.0	359
329.0	176
339.0	28
349.0	19
359.0	22
369.0	24
379.0	15
389.0	11
399.0	1902
409.0	87403
419.0	9
429.0	11
439.0	15
449.0	1
459.0	7
469.0	0
479.0	0
489.0	4
499.0	1
509.0	1
519.0	1
529.0	0
539.0	1
549.0	0
559.0	2
569.0	0
579.0	0
589.0	1
599.0	0
--

Length	Count
309.0	109
319.0	96
329.0	78
339.0	21
349.0	11
359.0	15
369.0	36
379.0	44
389.0	12
399.0	2325
409.0	43751
419.0	7
429.0	5
439.0	9
449.0	0
459.0	0
469.0	0
479.0	0
489.0	0
499.0	0
509.0	0
519.0	0
529.0	13
539.0	0
549.0	0
559.0	5
569.0	21
579.0	0
589.0	2
599.0	0
--

Length	Count
308.0	50
318.0	50
328.0	47
338.0	19
348.0	9
358.0	10
368.0	7
378.0	25
388.0	5
398.0	878
408.0	23727
418.0	19
428.0	8
438.0	7
448.0	0
458.0	0
468.0	0
478.0	0
488.0	0
498.0	0
508.0	1
518.0	0
528.0	4
538.0	0
548.0	0
558.0	4
568.0	6
578.0	3
588.0	3
598.0	0
--

Length	Count
310.0	70
320.0	86
330.0	43
340.0	15
350.0	15
360.0	11
370.0	38
380.0	13
390.0	12
400.0	4685
410.0	34087
420.0	8
430.0	4
440.0	2
450.0	1
460.0	1
470.0	0
480.0	0
490.0	1
500.0	0
510.0	0
520.0	1
530.0	6
540.0	1
550.0	0
560.0	3
570.0	2
580.0	2
590.0	1
600.0	0
--

Length	Count
310.0	116
320.0	99
330.0	108
340.0	21
350.0	18
360.0	40
370.0	51
380.0	29
390.0	18
400.0	3975
410.0	36242
420.0	10
430.0	2
440.0	1
450.0	1
460.0	0
470.0	0
480.0	1
490.0	0
500.0	1
510.0	1
520.0	1
530.0	14
540.0	2
550.0	0
560.0	2
570.0	6
580.0	0
590.0	2
600.0	0
--

Length	Count
310.0	77
320.0	96
330.0	92
340.0	18
350.0	23
360.0	28
370.0	50
380.0	23
390.0	9
400.0	13396
410.0	32012
420.0	8
430.0	4
440.0	11
450.0	1
460.0	0
470.0	0
480.0	0
490.0	0
500.0	3
510.0	1
520.0	7
530.0	2
540.0	1
550.0	1
560.0	4
570.0	2
580.0	0
590.0	1
--

Length	Count
308.0	90
318.0	107
328.0	100
338.0	26
348.0	32
358.0	31
368.0	37
378.0	43
388.0	29
398.0	731
408.0	46162
418.0	87
428.0	2
438.0	4
448.0	4
458.0	0
468.0	0
478.0	1
488.0	1
498.0	3
508.0	6
518.0	5
528.0	0
538.0	0
548.0	1
558.0	7
568.0	3
578.0	3
588.0	0
--

Length	Count
312.0	5
322.0	3
332.0	0
342.0	0
352.0	0
362.0	0
372.0	0
382.0	0
392.0	0
402.0	39
412.0	138
422.0	1
432.0	12
442.0	2
452.0	0
--

Length	Count
314.0	3
324.0	2
334.0	0
344.0	0
354.0	0
364.0	0
374.0	0
384.0	0
394.0	0
404.0	176
414.0	65
424.0	3
434.0	70
444.0	1
454.0	0
--

Length	Count
35.0	374
45.0	0
55.0	0
65.0	1
75.0	1
85.0	1
95.0	2
105.0	1
115.0	2
125.0	1
135.0	3
145.0	0
155.0	2
165.0	0
175.0	0
185.0	0
195.0	0
205.0	0
215.0	0
225.0	2
235.0	2
245.0	0
255.0	2
265.0	0
275.0	0
285.0	1
295.0	4
305.0	2
315.0	4
325.0	3
335.0	1
345.0	0
355.0	0
365.0	0
375.0	0
385.0	0
395.0	0
405.0	146
415.0	39
425.0	0
435.0	7
445.0	0
--

Length	Count
35.0	775
45.0	110
55.0	0
65.0	0
75.0	0
85.0	0
95.0	1
105.0	3
115.0	0
125.0	0
135.0	1
145.0	0
155.0	0
165.0	0
175.0	0
185.0	0
195.0	0
205.0	0
215.0	0
225.0	1
235.0	0
245.0	0
255.0	0
265.0	0
275.0	0
285.0	1
295.0	2
305.0	0
315.0	4
325.0	2
335.0	3
345.0	1
355.0	0
365.0	1
375.0	1
385.0	0
395.0	1
405.0	124
415.0	7
425.0	2
435.0	18
445.0	1
455.0	0
--

Length	Count
35.0	430
45.0	0
55.0	0
65.0	1
75.0	0
85.0	0
95.0	1
105.0	1
115.0	2
125.0	0
135.0	0
145.0	0
155.0	0
165.0	0
175.0	0
185.0	0
195.0	0
205.0	0
215.0	0
225.0	0
235.0	0
245.0	0
255.0	0
265.0	1
275.0	0
285.0	1
295.0	0
305.0	1
315.0	1
325.0	1
335.0	1
345.0	2
355.0	0
365.0	0
375.0	1
385.0	1
395.0	2
405.0	66
415.0	7
425.0	2
435.0	13
445.0	1
455.0	1
465.0	0
475.0	1
485.0	0
--

